This is a model of Nomoto's that has been converted to Woosley's format









   1 0.0000 0.0011   1.705E+04   3.162E+10   9.270E+09   4.066E-01   0.000E+00  -5.538E+04   6.671E-01   3.756E+28
   2 0.0011 0.0014   2.514E+06   3.086E+10   9.262E+09   4.070E-01   0.000E+00  -8.169E+06   6.709E-01   3.639E+28
   3 0.0025 0.0025   3.367E+06   3.020E+10   9.205E+09   4.076E-01   0.000E+00  -1.079E+07   6.698E-01   3.549E+28
   4 0.0050 0.0026   4.251E+06   2.964E+10   9.181E+09   4.079E-01   0.000E+00  -1.332E+07   6.708E-01   3.467E+28
   5 0.0075 0.0031   4.907E+06   2.917E+10   9.164E+09   4.082E-01   0.000E+00  -1.512E+07   6.719E-01   3.398E+28
   6 0.0106 0.0049   5.521E+06   2.855E+10   9.138E+09   4.087E-01   0.000E+00  -1.680E+07   6.730E-01   3.307E+28
   7 0.0156 0.0063   6.303E+06   2.764E+10   9.104E+09   4.093E-01   0.000E+00  -1.893E+07   6.750E-01   3.175E+28
   8 0.0219 0.0096   7.105E+06   2.689E+10   9.093E+09   4.098E-01   0.000E+00  -2.110E+07   6.783E-01   3.066E+28
   9 0.0315 0.0178   8.086E+06   2.537E+10   9.021E+09   4.110E-01   0.000E+00  -2.378E+07   6.803E-01   2.847E+28
  10 0.0493 0.0202   9.519E+06   2.336E+10   8.931E+09   4.126E-01   0.000E+00  -2.793E+07   6.863E-01   2.568E+28
  11 0.0695 0.0174   1.084E+07   2.205E+10   8.867E+09   4.136E-01   0.000E+00  -3.140E+07   6.904E-01   2.389E+28
  12 0.0869 0.0180   1.181E+07   2.081E+10   8.804E+09   4.146E-01   0.000E+00  -3.356E+07   6.954E-01   2.221E+28
  13 0.1049 0.0186   1.272E+07   1.969E+10   8.745E+09   4.156E-01   0.000E+00  -3.743E+07   6.986E-01   2.072E+28
  14 0.1235 0.0162   1.358E+07   1.857E+10   8.674E+09   4.167E-01   0.000E+00  -3.924E+07   7.025E-01   1.924E+28
  15 0.1397 0.0128   1.429E+07   1.789E+10   8.637E+09   4.173E-01   0.000E+00  -4.095E+07   7.058E-01   1.836E+28
  16 0.1525 0.0129   1.483E+07   1.724E+10   8.593E+09   4.179E-01   0.000E+00  -4.226E+07   7.085E-01   1.751E+28
  17 0.1654 0.0132   1.535E+07   1.660E+10   8.554E+09   4.185E-01   0.000E+00  -4.355E+07   7.117E-01   1.670E+28
  18 0.1786 0.0151   1.586E+07   1.598E+10   8.517E+09   4.192E-01   0.000E+00  -4.481E+07   7.152E-01   1.592E+28
  19 0.1937 0.0170   1.644E+07   1.523E+10   8.471E+09   4.200E-01   0.000E+00  -4.620E+07   7.198E-01   1.498E+28
  20 0.2107 0.0174   1.707E+07   1.450E+10   8.436E+09   4.207E-01   0.000E+00  -4.774E+07   7.257E-01   1.409E+28
  21 0.2281 0.0177   1.770E+07   1.380E+10   8.409E+09   4.215E-01   0.000E+00  -4.926E+07   7.325E-01   1.323E+28
  22 0.2458 0.0147   1.832E+07   1.312E+10   8.381E+09   4.222E-01   0.000E+00  -5.077E+07   7.394E-01   1.242E+28
  23 0.2605 0.0117   1.884E+07   1.269E+10   8.367E+09   4.227E-01   0.000E+00  -5.201E+07   7.443E-01   1.192E+28
  24 0.2722 0.0118   1.924E+07   1.228E+10   8.350E+09   4.233E-01   0.000E+00  -5.299E+07   7.492E-01   1.143E+28
  25 0.2840 0.0118   1.964E+07   1.187E+10   8.335E+09   4.238E-01   0.000E+00  -5.398E+07   7.543E-01   1.096E+28
  26 0.2958 0.0120   2.004E+07   1.148E+10   8.326E+09   4.243E-01   0.000E+00  -5.498E+07   7.600E-01   1.050E+28
  27 0.3078 0.0120   2.044E+07   1.109E+10   8.325E+09   4.247E-01   0.000E+00  -5.599E+07   7.666E-01   1.006E+28
  28 0.3198 0.0120   2.085E+07   1.071E+10   8.327E+09   4.252E-01   0.000E+00  -5.703E+07   7.734E-01   9.633E+27
  29 0.3318 0.0121   2.125E+07   1.034E+10   8.329E+09   4.257E-01   0.000E+00  -5.807E+07   7.801E-01   9.221E+27
  30 0.3439 0.0155   2.165E+07   9.985E+09   8.329E+09   4.261E-01   0.000E+00  -5.913E+07   7.866E-01   8.823E+27
  31 0.3594 0.0189   2.216E+07   9.455E+09   8.329E+09   4.269E-01   0.000E+00  -6.048E+07   7.968E-01   8.240E+27
  32 0.3783 0.0196   2.279E+07   8.933E+09   8.313E+09   4.278E-01   0.000E+00  -6.214E+07   8.059E-01   7.675E+27
  33 0.3979 0.0201   2.344E+07   8.420E+09   8.297E+09   4.287E-01   0.000E+00  -6.385E+07   8.156E-01   7.126E+27
  34 0.4180 0.0161   2.411E+07   7.915E+09   8.282E+09   4.297E-01   0.000E+00  -6.560E+07   8.259E-01   6.596E+27
  35 0.4341 0.0119   2.465E+07   7.631E+09   8.274E+09   4.302E-01   0.000E+00  -6.703E+07   8.323E-01   6.303E+27
  36 0.4460 0.0119   2.505E+07   7.355E+09   8.266E+09   4.307E-01   0.000E+00  -6.808E+07   8.387E-01   6.021E+27
  37 0.4579 0.0119   2.545E+07   7.086E+09   8.258E+09   4.313E-01   0.000E+00  -6.913E+07   8.453E-01   5.748E+27
  38 0.4698 0.0120   2.585E+07   6.824E+09   8.250E+09   4.318E-01   0.000E+00  -7.018E+07   8.521E-01   5.485E+27
  39 0.4818 0.0120   2.626E+07   6.568E+09   8.247E+09   4.322E-01   0.000E+00  -7.122E+07   8.597E-01   5.231E+27
  40 0.4938 0.0120   2.668E+07   6.319E+09   8.239E+09   4.327E-01   0.000E+00  -7.226E+07   8.669E-01   4.987E+27
  41 0.5058 0.0120   2.709E+07   6.079E+09   8.232E+09   4.332E-01   0.000E+00  -7.328E+07   8.743E-01   4.751E+27
  42 0.5178 0.0162   2.751E+07   5.845E+09   8.228E+09   4.337E-01   0.000E+00  -7.428E+07   8.822E-01   4.524E+27
  43 0.5340 0.0205   2.808E+07   5.465E+09   8.207E+09   4.347E-01   0.000E+00  -7.562E+07   8.944E-01   4.159E+27
  44 0.5545 0.0208   2.881E+07   5.098E+09   8.186E+09   4.356E-01   0.000E+00  -7.728E+07   9.073E-01   3.812E+27
  45 0.5753 0.0210   2.957E+07   4.743E+09   8.155E+09   4.367E-01   0.000E+00  -7.896E+07   9.197E-01   3.483E+27
  46 0.5963 0.0165   3.035E+07   4.400E+09   8.123E+09   4.378E-01   0.000E+00  -8.068E+07   9.329E-01   3.173E+27
  47 0.6128 0.0121   3.098E+07   4.213E+09   8.101E+09   4.384E-01   0.000E+00  -8.200E+07   9.402E-01   3.006E+27
  48 0.6249 0.0120   3.145E+07   4.032E+09   8.078E+09   4.391E-01   0.000E+00  -8.297E+07   9.477E-01   2.846E+27
  49 0.6369 0.0120   3.192E+07   3.855E+09   8.055E+09   4.398E-01   0.000E+00  -8.395E+07   9.553E-01   2.692E+27
  50 0.6489 0.0120   3.239E+07   3.684E+09   8.026E+09   4.405E-01   0.000E+00  -8.491E+07   9.624E-01   2.544E+27
  51 0.6609 0.0121   3.288E+07   3.517E+09   8.041E+09   4.409E-01   0.000E+00  -8.589E+07   9.768E-01   2.402E+27
  52 0.6730 0.0120   3.337E+07   3.352E+09   8.421E+09   4.371E-01   0.000E+00  -8.687E+07   1.058E+00   2.266E+27
  53 0.6850 0.0120   3.387E+07   3.196E+09   8.391E+09   4.378E-01   0.000E+00  -8.786E+07   1.066E+00   2.136E+27
  54 0.6970 0.0152   3.439E+07   3.043E+09   8.366E+09   4.385E-01   0.000E+00  -8.888E+07   1.076E+00   2.011E+27
  55 0.7122 0.0182   3.504E+07   2.820E+09   8.317E+09   4.396E-01   0.000E+00  -9.017E+07   1.090E+00   1.831E+27
  56 0.7304 0.0181   3.585E+07   2.609E+09   8.256E+09   4.407E-01   0.000E+00  -9.171E+07   1.103E+00   1.663E+27
  57 0.7485 0.0181   3.669E+07   2.408E+09   8.199E+09   4.419E-01   0.000E+00  -9.367E+07   1.117E+00   1.508E+27
  58 0.7666 0.0179   3.755E+07   2.219E+09   8.138E+09   4.430E-01   0.000E+00  -9.532E+07   1.132E+00   1.363E+27
  59 0.7845 0.0132   3.843E+07   2.042E+09   8.071E+09   4.443E-01   0.000E+00  -9.706E+07   1.146E+00   1.229E+27
  60 0.7977 0.0089   3.912E+07   1.956E+09   8.048E+09   4.448E-01   0.000E+00  -9.849E+07   1.157E+00   1.166E+27
  61 0.8066 0.0088   3.958E+07   1.874E+09   7.997E+09   4.455E-01   0.000E+00  -9.933E+07   1.160E+00   1.106E+27
  62 0.8154 0.0088   4.005E+07   1.793E+09   7.965E+09   4.461E-01   0.000E+00  -1.003E+08   1.169E+00   1.047E+27
  63 0.8242 0.0088   4.053E+07   1.715E+09   7.926E+09   4.467E-01   0.000E+00  -1.013E+08   1.177E+00   9.914E+26
  64 0.8330 0.0087   4.102E+07   1.638E+09   7.886E+09   4.473E-01   0.000E+00  -1.024E+08   1.184E+00   9.377E+26
  65 0.8417 0.0099   4.151E+07   1.564E+09   7.847E+09   4.479E-01   0.000E+00  -1.034E+08   1.192E+00   8.861E+26
  66 0.8516 0.0109   4.208E+07   1.473E+09   7.794E+09   4.487E-01   0.000E+00  -1.046E+08   1.202E+00   8.243E+26
  67 0.8625 0.0109   4.273E+07   1.385E+09   7.772E+09   4.491E-01   0.000E+00  -1.059E+08   1.220E+00   7.656E+26
  68 0.8734 0.0108   4.341E+07   1.302E+09   7.722E+09   4.498E-01   0.000E+00  -1.073E+08   1.232E+00   7.098E+26
  69 0.8842 0.0109   4.410E+07   1.224E+09   7.811E+09   4.485E-01   0.000E+00  -1.086E+08   1.278E+00   6.570E+26
  70 0.8951 0.0108   4.481E+07   1.148E+09   7.753E+09   4.494E-01   0.000E+00  -1.101E+08   1.289E+00   6.069E+26
  71 0.9059 0.0109   4.554E+07   1.075E+09   7.692E+09   4.502E-01   0.000E+00  -1.114E+08   1.300E+00   5.595E+26
  72 0.9168 0.0108   4.630E+07   1.005E+09   7.627E+09   4.510E-01   0.000E+00  -1.128E+08   1.312E+00   5.147E+26
  73 0.9276 0.0108   4.708E+07   9.373E+08   7.560E+09   4.518E-01   0.000E+00  -1.142E+08   1.323E+00   4.724E+26
  74 0.9384 0.0107   4.788E+07   8.728E+08   7.491E+09   4.526E-01   0.000E+00  -1.157E+08   1.335E+00   4.326E+26
  75 0.9491 0.0107   4.872E+07   8.109E+08   7.418E+09   4.534E-01   0.000E+00  -1.172E+08   1.347E+00   3.950E+26
  76 0.9598 0.0107   4.959E+07   7.517E+08   7.343E+09   4.541E-01   0.000E+00  -1.189E+08   1.360E+00   3.597E+26
  77 0.9705 0.0107   5.049E+07   6.951E+08   7.267E+09   4.549E-01   0.000E+00  -1.206E+08   1.373E+00   3.266E+26
  78 0.9812 0.0107   5.142E+07   6.413E+08   7.187E+09   4.556E-01   0.000E+00  -1.223E+08   1.385E+00   2.956E+26
  79 0.9919 0.0101   5.240E+07   5.898E+08   7.101E+09   4.564E-01   0.000E+00  -1.242E+08   1.397E+00   2.666E+26
  80 1.0020 0.0110   5.342E+07   5.410E+08   7.012E+09   4.571E-01   0.000E+00  -1.261E+08   1.410E+00   2.396E+26
  81 1.0130 0.0110   5.448E+07   4.949E+08   6.917E+09   4.579E-01   0.000E+00  -1.282E+08   1.422E+00   2.144E+26
  82 1.0240 0.0120   5.566E+07   4.463E+08   6.811E+09   4.587E-01   0.000E+00  -1.305E+08   1.436E+00   1.886E+26
  83 1.0360 0.0090   5.696E+07   4.005E+08   6.690E+09   4.595E-01   0.000E+00  -1.331E+08   1.449E+00   1.649E+26
  84 1.0450 0.0060   5.800E+07   3.782E+08   6.625E+09   4.598E-01   0.000E+00  -1.352E+08   1.456E+00   1.536E+26
  85 1.0510 0.0050   5.873E+07   3.567E+08   6.559E+09   4.601E-01   0.000E+00  -1.367E+08   1.462E+00   1.427E+26
  86 1.0560 0.0060   5.949E+07   3.362E+08   6.491E+09   4.604E-01   0.000E+00  -1.381E+08   1.468E+00   1.324E+26
  87 1.0620 0.0060   6.026E+07   3.161E+08   6.422E+09   4.607E-01   0.000E+00  -1.397E+08   1.475E+00   1.225E+26
  88 1.0680 0.0060   6.108E+07   2.964E+08   6.340E+09   4.610E-01   0.000E+00  -1.413E+08   1.480E+00   1.129E+26
  89 1.0740 0.0070   6.194E+07   2.772E+08   6.261E+09   4.612E-01   0.000E+00  -1.430E+08   1.486E+00   1.038E+26
  90 1.0810 0.0060   6.282E+07   2.588E+08   6.173E+09   4.614E-01   0.000E+00  -1.448E+08   1.490E+00   9.517E+25
  91 1.0870 0.0060   6.375E+07   2.411E+08   6.092E+09   4.616E-01   0.000E+00  -1.465E+08   1.497E+00   8.700E+25
  92 1.0930 0.0060   6.472E+07   2.240E+08   5.993E+09   4.618E-01   0.000E+00  -1.483E+08   1.501E+00   7.910E+25
  93 1.0990 0.0060   6.575E+07   2.073E+08   5.892E+09   4.619E-01   0.000E+00  -1.503E+08   1.506E+00   7.167E+25
  94 1.1050 0.0060   6.682E+07   1.913E+08   5.790E+09   4.621E-01   0.000E+00  -1.526E+08   1.512E+00   6.470E+25
  95 1.1110 0.0070   6.794E+07   1.761E+08   5.677E+09   4.622E-01   0.000E+00  -1.547E+08   1.516E+00   5.818E+25
  96 1.1180 0.0060   6.917E+07   1.606E+08   5.550E+09   4.623E-01   0.000E+00  -1.570E+08   1.520E+00   5.163E+25
  97 1.1240 0.0070   7.051E+07   1.458E+08   5.415E+09   4.623E-01   0.000E+00  -1.596E+08   1.525E+00   4.557E+25
  98 1.1310 0.0060   7.193E+07   1.319E+08   5.272E+09   4.624E-01   0.000E+00  -1.625E+08   1.530E+00   3.999E+25
  99 1.1370 0.0070   7.343E+07   1.188E+08   5.123E+09   4.625E-01   0.000E+00  -1.653E+08   1.535E+00   3.486E+25
 100 1.1440 0.0070   7.503E+07   1.064E+08   4.967E+09   4.626E-01   0.000E+00  -1.681E+08   1.540E+00   3.013E+25
 101 1.1510 0.0060   7.674E+07   9.195E+07   4.868E+09   4.705E-01   0.000E+00  -1.702E+08   1.598E+00   2.577E+25
 102 1.1570 0.0070   7.862E+07   8.095E+07   4.666E+09   4.706E-01   0.000E+00  -1.703E+08   1.596E+00   2.175E+25
 103 1.1640 0.0060   8.064E+07   7.003E+07   4.480E+09   4.707E-01   0.000E+00  -1.695E+08   1.608E+00   1.802E+25
 104 1.1700 0.0070   8.286E+07   3.437E+07   6.005E+09   4.871E-01   0.000E+00  -1.641E+08   3.746E+00   1.468E+25
 105 1.1770 0.0060   8.703E+07   2.873E+07   5.792E+09   4.888E-01   0.000E+00  -1.659E+08   3.775E+00   1.200E+25
 106 1.1830 0.0070   9.155E+07   2.393E+07   5.581E+09   4.900E-01   0.000E+00  -1.558E+08   3.818E+00   9.754E+24
 107 1.1900 0.0070   9.644E+07   1.931E+07   5.417E+09   4.907E-01   0.000E+00  -1.535E+08   4.018E+00   8.071E+24
 108 1.1970 0.0060   1.019E+08   1.636E+07   5.271E+09   4.980E-01   0.000E+00  -1.535E+08   3.767E+00   6.698E+24
 109 1.2030 0.0070   1.076E+08   1.409E+07   5.035E+09   4.982E-01   0.000E+00  -1.500E+08   3.799E+00   5.516E+24
 110 1.2100 0.0060   1.136E+08   1.212E+07   4.810E+09   4.983E-01   0.000E+00  -1.525E+08   3.848E+00   4.543E+24
 111 1.2160 0.0090   1.198E+08   1.053E+07   4.608E+09   4.983E-01   0.000E+00  -1.514E+08   3.929E+00   3.800E+24
 112 1.2250 0.0110   1.285E+08   8.554E+06   4.290E+09   4.983E-01   0.000E+00  -1.444E+08   3.968E+00   2.848E+24
 113 1.2360 0.0110   1.399E+08   7.089E+06   4.012E+09   4.984E-01   0.000E+00  -1.346E+08   3.938E+00   2.174E+24
 114 1.2470 0.0110   1.515E+08   5.927E+06   3.768E+09   4.984E-01   0.000E+00  -1.250E+08   3.908E+00   1.685E+24
 115 1.2580 0.0110   1.634E+08   4.986E+06   3.551E+09   4.984E-01   0.000E+00  -1.161E+08   3.886E+00   1.321E+24
 116 1.2690 0.0110   1.755E+08   4.223E+06   3.359E+09   4.984E-01   0.000E+00  -1.080E+08   3.873E+00   1.049E+24
 117 1.2800 0.0110   1.879E+08   3.595E+06   3.182E+09   4.984E-01   0.000E+00  -1.006E+08   3.861E+00   8.391E+23
 118 1.2910 0.0110   2.005E+08   3.079E+06   3.022E+09   4.984E-01   0.000E+00  -9.387E+07   3.852E+00   6.770E+23
 119 1.3020 0.0100   2.134E+08   2.649E+06   2.874E+09   4.984E-01   0.000E+00  -8.771E+07   3.843E+00   5.497E+23
 120 1.3120 0.0110   2.266E+08   2.290E+06   2.737E+09   4.984E-01   0.000E+00  -8.215E+07   3.835E+00   4.492E+23
 121 1.3230 0.0100   2.401E+08   1.985E+06   2.610E+09   4.984E-01   0.000E+00  -7.716E+07   3.828E+00   3.687E+23
 122 1.3330 0.0110   2.538E+08   1.728E+06   2.492E+09   4.984E-01   0.000E+00  -7.267E+07   3.821E+00   3.043E+23
 123 1.3440 0.0100   2.679E+08   1.508E+06   2.381E+09   4.984E-01   0.000E+00  -6.853E+07   3.814E+00   2.520E+23
 124 1.3540 0.0110   2.824E+08   1.321E+06   2.276E+09   4.984E-01   0.000E+00  -6.467E+07   3.807E+00   2.097E+23
 125 1.3650 0.0100   2.971E+08   1.159E+06   2.178E+09   4.984E-01   0.000E+00  -6.104E+07   3.800E+00   1.749E+23
 126 1.3750 0.0100   3.122E+08   1.020E+06   2.084E+09   4.984E-01   0.000E+00  -5.768E+07   3.793E+00   1.464E+23
 127 1.3850 0.0110   3.277E+08   8.997E+05   1.996E+09   4.984E-01   0.000E+00  -5.460E+07   3.785E+00   1.227E+23
 128 1.3960 0.0120   3.447E+08   7.797E+05   1.898E+09   4.984E-01   0.000E+00  -5.142E+07   3.776E+00   1.004E+23
 129 1.4080 0.0110   3.634E+08   6.765E+05   1.806E+09   4.984E-01   0.000E+00  -4.840E+07   3.767E+00   8.227E+22
 130 1.4190 0.0120   3.830E+08   5.854E+05   1.715E+09   4.984E-01   0.000E+00  -4.549E+07   3.760E+00   6.716E+22
 131 1.4310 0.0090   4.035E+08   5.060E+05   1.629E+09   4.984E-01   0.000E+00  -4.264E+07   3.755E+00   5.476E+22
 132 1.4400 0.0060   4.196E+08   4.702E+05   1.587E+09   4.984E-01   0.000E+00  -4.097E+07   3.754E+00   4.941E+22
 133 1.4460 0.0060   4.306E+08   4.366E+05   1.546E+09   4.984E-01   0.000E+00  -3.950E+07   3.752E+00   4.455E+22
 134 1.4520 0.0050   4.419E+08   4.052E+05   1.505E+09   4.984E-01   0.000E+00  -3.824E+07   3.751E+00   4.013E+22
 135 1.4570 0.0060   4.534E+08   3.760E+05   1.465E+09   4.984E-01   0.000E+00  -3.705E+07   3.750E+00   3.613E+22
 136 1.4630 0.0060   4.653E+08   3.482E+05   1.425E+09   4.984E-01   0.000E+00  -3.587E+07   3.749E+00   3.245E+22
 137 1.4690 0.0060   4.776E+08   3.224E+05   1.386E+09   4.984E-01   0.000E+00  -3.472E+07   3.748E+00   2.911E+22
 138 1.4750 0.0060   4.901E+08   2.974E+05   1.347E+09   4.988E-01   0.000E+00  -3.360E+07   3.779E+00   2.610E+22
 139 1.4810 0.0070   5.030E+08   2.750E+05   1.309E+09   4.988E-01   0.000E+00  -3.252E+07   3.778E+00   2.337E+22
 140 1.4880 0.0060   5.167E+08   2.526E+05   1.269E+09   4.988E-01   0.000E+00  -3.139E+07   3.777E+00   2.073E+22
 141 1.4940 0.0060   5.313E+08   2.274E+05   1.229E+09   4.991E-01   0.000E+00  -3.029E+07   3.856E+00   1.836E+22
 142 1.5000 0.0070   5.466E+08   1.667E+05   1.257E+09   4.991E-01   0.000E+00  -2.918E+07   5.066E+00   1.623E+22
 143 1.5070 0.0090   5.661E+08   1.531E+05   1.219E+09   4.991E-01   0.000E+00  -2.800E+07   5.063E+00   1.440E+22
 144 1.5160 0.0130   5.955E+08   1.293E+05   1.146E+09   4.991E-01   0.000E+00  -2.606E+07   5.057E+00   1.133E+22
 145 1.5290 0.0130   6.363E+08   1.098E+05   1.078E+09   4.991E-01   0.000E+00  -2.397E+07   5.050E+00   8.982E+21
 146 1.5420 0.0120   6.783E+08   9.358E+04   1.016E+09   4.991E-01   0.000E+00  -2.204E+07   5.043E+00   7.153E+21
 147 1.5540 0.0130   7.215E+08   8.002E+04   9.574E+08   4.991E-01   0.000E+00  -2.030E+07   5.037E+00   5.716E+21
 148 1.5670 0.0120   7.660E+08   6.858E+04   9.030E+08   4.991E-01   0.000E+00  -1.870E+07   5.030E+00   4.581E+21
 149 1.5790 0.0110   8.119E+08   5.883E+04   8.517E+08   4.991E-01   0.000E+00  -1.722E+07   5.024E+00   3.675E+21
 150 1.5900 0.0090   8.541E+08   5.235E+04   8.146E+08   4.991E-01   0.000E+00  -1.608E+07   5.021E+00   3.107E+21
 151 1.5990 0.0100   8.914E+08   4.657E+04   7.790E+08   4.991E-01   0.000E+00  -1.514E+07   5.017E+00   2.626E+21
 152 1.6090 0.0090   9.298E+08   4.142E+04   7.448E+08   4.991E-01   0.000E+00  -1.432E+07   5.015E+00   2.219E+21
 153 1.6180 0.0090   9.693E+08   3.680E+04   7.120E+08   4.991E-01   0.000E+00  -1.359E+07   5.014E+00   1.873E+21
 154 1.6270 0.0090   1.010E+09   3.269E+04   6.803E+08   4.991E-01   0.000E+00  -1.293E+07   5.012E+00   1.579E+21
 155 1.6360 0.0090   1.052E+09   2.899E+04   6.496E+08   4.991E-01   0.000E+00  -1.235E+07   5.010E+00   1.328E+21
 156 1.6450 0.0100   1.095E+09   2.566E+04   6.200E+08   4.991E-01   0.000E+00  -1.183E+07   5.011E+00   1.115E+21
 157 1.6550 0.0090   1.140E+09   2.268E+04   5.912E+08   4.991E-01   0.000E+00  -1.135E+07   5.010E+00   9.334E+20
 158 1.6640 0.0090   1.187E+09   2.000E+04   5.631E+08   4.991E-01   0.000E+00  -1.091E+07   5.009E+00   7.787E+20
 159 1.6730 0.0090   1.235E+09   1.758E+04   5.356E+08   4.991E-01   0.000E+00  -1.049E+07   5.009E+00   6.465E+20
 160 1.6820 0.0080   1.286E+09   1.541E+04   5.088E+08   4.991E-01   0.000E+00  -1.010E+07   5.008E+00   5.343E+20
 161 1.6900 0.0090   1.339E+09   1.345E+04   4.823E+08   4.991E-01   0.000E+00  -9.729E+06   5.007E+00   4.385E+20
 162 1.6990 0.0090   1.395E+09   1.168E+04   4.563E+08   4.991E-01   0.000E+00  -9.372E+06   5.006E+00   3.574E+20
 163 1.7080 0.0090   1.453E+09   1.008E+04   4.304E+08   4.991E-01   0.000E+00  -9.025E+06   5.004E+00   2.885E+20
 164 1.7170 0.0090   1.516E+09   8.641E+03   4.048E+08   4.991E-01   0.000E+00  -8.684E+06   5.003E+00   2.303E+20
 165 1.7260 0.0090   1.582E+09   6.926E+03   3.842E+08   4.994E-01   0.000E+00  -8.346E+06   5.355E+00   1.814E+20
 166 1.7350 0.0110   1.667E+09   4.941E+03   3.659E+08   4.994E-01   0.000E+00  -7.931E+06   5.706E+00   1.309E+20
 167 1.7460 0.0110   1.783E+09   3.284E+03   3.504E+08   4.994E-01   0.000E+00  -7.402E+06   6.291E+00   9.255E+19
 168 1.7570 0.0110   1.935E+09   2.336E+03   3.252E+08   4.994E-01   0.000E+00  -6.777E+06   6.692E+00   6.440E+19
 169 1.7680 0.0110   2.114E+09   1.756E+03   2.967E+08   4.994E-01   0.000E+00  -6.134E+06   6.920E+00   4.463E+19
 170 1.7790 0.0110   2.314E+09   1.331E+03   2.688E+08   4.994E-01   0.000E+00  -5.537E+06   7.123E+00   3.066E+19
 171 1.7900 0.0110   2.534E+09   9.710E+02   2.451E+08   4.994E-01   0.000E+00  -4.986E+06   7.495E+00   2.092E+19
 172 1.8010 0.0100   2.785E+09   5.508E+02   2.252E+08   4.994E-01   0.000E+00  -4.448E+06   1.112E+01   1.415E+19
 173 1.8110 0.0120   3.142E+09   4.300E+02   2.056E+08   4.994E-01   0.000E+00  -3.810E+06   1.113E+01   9.969E+18
 174 1.8230 0.0110   3.516E+09   3.376E+02   1.881E+08   4.994E-01   0.000E+00  -3.290E+06   1.115E+01   7.081E+18
 175 1.8340 0.0180   3.911E+09   2.716E+02   1.737E+08   4.994E-01   0.000E+00  -2.872E+06   1.116E+01   5.205E+18
 176 1.8520 0.0230   4.487E+09   1.842E+02   1.506E+08   4.994E-01   0.000E+00  -2.431E+06   1.119E+01   3.009E+18
 177 1.8750 0.0220   5.305E+09   1.324E+02   1.334E+08   4.994E-01   0.000E+00  -1.962E+06   1.122E+01   1.890E+18
 178 1.8970 0.0220   6.129E+09   9.945E+01   1.201E+08   4.994E-01   0.000E+00  -1.607E+06   1.125E+01   1.262E+18
 179 1.9190 0.0220   6.948E+09   7.766E+01   1.097E+08   4.994E-01   0.000E+00  -1.342E+06   1.128E+01   8.904E+17
 180 1.9410 0.0210   7.756E+09   6.230E+01   1.011E+08   4.994E-01   0.000E+00  -1.148E+06   1.130E+01   6.526E+17
 181 1.9620 0.0210   8.560E+09   5.110E+01   9.399E+07   4.994E-01   0.000E+00  -1.004E+06   1.132E+01   4.933E+17
 182 1.9830 0.0200   9.358E+09   4.268E+01   8.794E+07   4.994E-01   0.000E+00  -8.951E+05   1.134E+01   3.825E+17
 183 2.0030 0.0200   1.015E+10   3.621E+01   8.275E+07   4.994E-01   0.000E+00  -8.099E+05   1.136E+01   3.032E+17
 184 2.0230 0.0190   1.093E+10   3.113E+01   7.823E+07   4.994E-01   0.000E+00  -7.410E+05   1.138E+01   2.447E+17
 185 2.0420 0.0190   1.171E+10   2.707E+01   7.426E+07   4.994E-01   0.000E+00  -6.828E+05   1.139E+01   2.008E+17
 186 2.0610 0.0190   1.247E+10   2.378E+01   7.075E+07   4.994E-01   0.000E+00  -6.308E+05   1.140E+01   1.670E+17
 187 2.0800 0.0190   1.323E+10   2.102E+01   6.756E+07   4.994E-01   0.000E+00  -5.815E+05   1.142E+01   1.402E+17
 188 2.0990 0.0190   1.400E+10   1.870E+01   6.468E+07   4.994E-01   0.000E+00  -5.326E+05   1.143E+01   1.188E+17
 189 2.1180 0.0180   1.476E+10   1.674E+01   6.205E+07   4.994E-01   0.000E+00  -4.831E+05   1.144E+01   1.015E+17
 190 2.1360 0.0180   1.552E+10   1.507E+01   5.965E+07   4.994E-01   0.000E+00  -4.330E+05   1.145E+01   8.740E+16
 191 2.1540 0.0190   1.628E+10   1.363E+01   5.744E+07   4.994E-01   0.000E+00  -3.824E+05   1.146E+01   7.577E+16
 192 2.1730 0.0170   1.703E+10   1.238E+01   5.540E+07   4.994E-01   0.000E+00  -3.317E+05   1.147E+01   6.611E+16
 193 2.1900 0.0180   1.779E+10   1.130E+01   5.352E+07   4.994E-01   0.000E+00  -2.819E+05   1.148E+01   5.800E+16
 194 2.2080 0.0180   1.854E+10   1.035E+01   5.177E+07   4.994E-01   0.000E+00  -2.336E+05   1.149E+01   5.118E+16
 195 2.2260 0.0200   1.932E+10   9.418E+00   4.996E+07   4.994E-01   0.000E+00  -1.850E+05   1.150E+01   4.476E+16
 196 2.2460 0.0190   2.015E+10   8.598E+00   4.827E+07   4.994E-01   0.000E+00  -1.370E+05   1.151E+01   3.930E+16
 197 2.2650 0.0190   2.098E+10   7.867E+00   4.667E+07   4.994E-01   0.000E+00  -9.215E+04   1.152E+01   3.462E+16
 198 2.2840 0.0300   2.182E+10   7.232E+00   4.520E+07   4.994E-01   0.000E+00  -5.153E+04   1.152E+01   3.070E+16
 199 2.3140 0.0400   2.313E+10   6.035E+00   4.218E+07   4.994E-01   0.000E+00   0.000E+00   1.154E+01   2.369E+16
 200 2.3540 0.0360   2.494E+10   5.130E+00   3.963E+07   4.994E-01   0.000E+00   0.000E+00   1.155E+01   1.876E+16
 201 2.3900 0.0320   2.660E+10   4.484E+00   3.762E+07   4.994E-01   0.000E+00   0.000E+00   1.156E+01   1.546E+16
 202 2.4220 0.0340   2.814E+10   3.943E+00   3.580E+07   4.994E-01   0.000E+00   0.000E+00   1.157E+01   1.285E+16
 203 2.4560 0.0330   2.974E+10   3.447E+00   3.397E+07   4.994E-01   0.000E+00   0.000E+00   1.158E+01   1.059E+16
 204 2.4890 0.0310   3.139E+10   3.034E+00   3.232E+07   4.994E-01   0.000E+00   0.000E+00   1.159E+01   8.801E+15
 205 2.5200 0.0270   3.292E+10   2.732E+00   3.101E+07   4.994E-01   0.000E+00   0.000E+00   1.160E+01   7.561E+15
 206 2.5470 0.0260   3.431E+10   2.470E+00   2.981E+07   4.994E-01   0.000E+00   0.000E+00   1.160E+01   6.533E+15
 207 2.5730 0.0250   3.567E+10   2.242E+00   2.869E+07   4.994E-01   0.000E+00   0.000E+00   1.161E+01   5.678E+15
 208 2.5980 0.0250   3.702E+10   2.044E+00   2.765E+07   4.994E-01   0.000E+00   0.000E+00   1.161E+01   4.963E+15
 209 2.6230 0.0260   3.839E+10   1.855E+00   2.660E+07   4.994E-01   0.000E+00   0.000E+00   1.162E+01   4.306E+15
 210 2.6490 0.0360   3.981E+10   1.691E+00   2.563E+07   4.994E-01   0.000E+00   0.000E+00   1.162E+01   3.763E+15
 211 2.6850 0.0450   4.186E+10   1.407E+00   2.379E+07   4.994E-01   0.000E+00   0.000E+00   1.163E+01   2.873E+15
 212 2.7300 0.0410   4.455E+10   1.196E+00   2.226E+07   4.994E-01   0.000E+00   0.000E+00   1.163E+01   2.263E+15
 213 2.7710 0.0350   4.712E+10   1.021E+00   2.087E+07   4.994E-01   0.000E+00   0.000E+00   1.164E+01   1.793E+15
 214 2.8060 0.0320   4.949E+10   8.964E-01   1.977E+07   4.994E-01   0.000E+00   0.000E+00   1.164E+01   1.478E+15
 215 2.8380 0.0320   5.165E+10   7.884E-01   1.873E+07   4.994E-01   0.000E+00   0.000E+00   1.164E+01   1.222E+15
 216 2.8700 0.0320   5.395E+10   6.819E-01   1.762E+07   4.994E-01   0.000E+00   0.000E+00   1.164E+01   9.846E+14
 217 2.9020 0.0300   5.639E+10   5.848E-01   1.663E+07   5.000E-01   0.000E+00   0.000E+00   1.178E+01   7.980E+14
 218 2.9320 0.0320   5.890E+10   4.976E-01   1.570E+07   5.000E-01   0.000E+00   0.000E+00   1.182E+01   6.391E+14
 219 2.9640 0.0280   6.162E+10   4.176E-01   1.477E+07   5.000E-01   0.000E+00   0.000E+00   1.188E+01   5.036E+14
 220 2.9920 0.0260   6.434E+10   3.580E-01   1.401E+07   5.000E-01   0.000E+00   0.000E+00   1.193E+01   4.091E+14
