From nomoto@astron.s.u-tokyo.ac.jp Mon Apr 29 08:19:39 1996
Received: from supernova.astron.s.u-tokyo.ac.jp (oxygen.astron.s.u-tokyo.ac.jp [133.11.3.16]) by astro.as.utexas.edu (8.6.11/2.01) with ESMTP id IAA19338 for <wheel@astro.as.utexas.edu>; Mon, 29 Apr 1996 08:19:36 -0500
Received: (from nomoto@localhost) by supernova.astron.s.u-tokyo.ac.jp (8.7.1/950924-oxygen) id OAA00723; Mon, 29 Apr 1996 14:21:37 +0900 (JST)
Date: Mon, 29 Apr 1996 14:21:37 +0900 (JST)
From: "Ken'ichi Nomoto" <nomoto@astron.s.u-tokyo.ac.jp>
Message-Id: <199604290521.OAA00723@supernova.astron.s.u-tokyo.ac.jp>
To: wheel@astro.as.utexas.edu
Subject: 13 Msun model
Cc: nomoto@astron.s.u-tokyo.ac.jp
Status: RO

Dear Craig,

I have found the presupernova model of the 3 Msun He core
(of the 13 Msun star).  

Best wishes,                     Ken

=========================================

  PRECOLLAPSE MODEL: M(HELIUM STAR) = 3.3 MSUN 
                                     which approximately corresponds to 
                     M(MAIN-SEQUENCE)=13 MSUN
                         (ref. Nomoto Hashimoto 1988, Phys Rep 163, 13)

 J =   1, 103: NSE
 J = 104, 141: QSE (SI,FE MIXTURE; ALMOST NSE)
 J = 142--   : OXYGEN, CARBON, HELIUM-RICH LAYERS

 RHO, T, P, S, YE, [1/A] ARE GIVEN AT ZONE 'CENTER' (APPROX), MASS
 RADIUS, VELOCITY        ARE GIVEN AT ZONE BOUNDARY, BMASS 
   (CGS UNIT, SOLAR MASS UNIT)


   J    MASS    LOG RHO   LOG T    LOG P      S        YE     [1/A]
   1 0.000E+00 10.49999  9.96706 28.57478  0.66710  0.40662  0.02174
   2 1.608E-03 10.48934  9.96671 28.56094  0.67088  0.40698  0.02179
   3 3.809E-03 10.48003  9.96402 28.55011  0.66977  0.40757  0.02149
   4 6.368E-03 10.47187  9.96287 28.53994  0.67077  0.40795  0.02140
   5 8.851E-03 10.46497  9.96209 28.53128  0.67193  0.40824  0.02136
   6 1.262E-02 10.45557  9.96085 28.51949  0.67303  0.40867  0.02127
   7 1.896E-02 10.44152  9.95921 28.50180  0.67495  0.40933  0.02117
   8 2.500E-02 10.42959  9.95870 28.48659  0.67830  0.40976  0.02120
   9 3.915E-02 10.40434  9.95526 28.45442  0.68028  0.41099  0.02096
  10 6.132E-02 10.36840  9.95089 28.40957  0.68633  0.41257  0.02073
  11 7.822E-02 10.34345  9.94778 28.37817  0.69044  0.41361  0.02058
  12 9.604E-02 10.31833  9.94466 28.34653  0.69541  0.41464  0.02043
  13 1.139E-01 10.29434  9.94174 28.31635  0.69857  0.41561  0.02031
  14 1.334E-01 10.26888  9.93820 28.28426  0.70247  0.41665  0.02015
  15 1.460E-01 10.25268  9.93638 28.26382  0.70582  0.41727  0.02009
  16 1.588E-01 10.23646  9.93415 28.24335  0.70849  0.41792  0.02000
  17 1.718E-01 10.22016  9.93215 28.22276  0.71166  0.41855  0.01993
  18 1.852E-01 10.20359  9.93029 28.20183  0.71524  0.41917  0.01988
  19 2.021E-01 10.18265  9.92792 28.17548  0.71982  0.41997  0.01981
  20 2.193E-01 10.16139  9.92616 28.14876  0.72572  0.42072  0.01980
  21 2.368E-01 10.13984  9.92477 28.12169  0.73250  0.42147  0.01982
  22 2.545E-01 10.11801  9.92332 28.09426  0.73940  0.42224  0.01983
  23 2.662E-01 10.10363  9.92255 28.07620  0.74433  0.42274  0.01985
  24 2.779E-01 10.08920  9.92168 28.05808  0.74916  0.42326  0.01987
  25 2.898E-01 10.07460  9.92092 28.03977  0.75429  0.42378  0.01990
  26 3.017E-01 10.05981  9.92044 28.02124  0.76003  0.42427  0.01995
  27 3.136E-01 10.04493  9.92037 28.00260  0.76662  0.42473  0.02003
  28 3.257E-01 10.02985  9.92047 27.98374  0.77343  0.42518  0.02013
  29 3.377E-01 10.01469  9.92061 27.96478  0.78013  0.42567  0.02024
  30 3.499E-01  9.99936  9.92057 27.94560  0.78656  0.42615  0.02033
  31 3.685E-01  9.97567  9.92058 27.91595  0.79683  0.42694  0.02049
  32 3.878E-01  9.95102  9.91974 27.88506  0.80586  0.42781  0.02059
  33 4.076E-01  9.92529  9.91894 27.85285  0.81560  0.42874  0.02070
  34 4.280E-01  9.89843  9.91811 27.81926  0.82592  0.42969  0.02082
  35 4.399E-01  9.88260  9.91772 27.79955  0.83228  0.43021  0.02090
  36 4.518E-01  9.86660  9.91727 27.77966  0.83867  0.43073  0.02098
  37 4.637E-01  9.85041  9.91685 27.75955  0.84527  0.43125  0.02107
  38 4.757E-01  9.83401  9.91645 27.73918  0.85208  0.43175  0.02116
  39 4.876E-01  9.81744  9.91629 27.71862  0.85965  0.43223  0.02128
  40 4.997E-01  9.80066  9.91589 27.69780  0.86686  0.43274  0.02138
  41 5.116E-01  9.78383  9.91552 27.67679  0.87429  0.43324  0.02148
  42 5.237E-01  9.76679  9.91528 27.65549  0.88225  0.43374  0.02161
  43 5.440E-01  9.73760  9.91419 27.61894  0.89440  0.43466  0.02176
  44 5.646E-01  9.70742  9.91308 27.58113  0.90734  0.43561  0.02193
  45 5.855E-01  9.67603  9.91144 27.54200  0.91968  0.43668  0.02205
  46 6.067E-01  9.64345  9.90973 27.50147  0.93288  0.43777  0.02219
  47 6.187E-01  9.62463  9.90853 27.47801  0.94024  0.43842  0.02225
  48 6.307E-01  9.60548  9.90731 27.45423  0.94774  0.43910  0.02231
  49 6.427E-01  9.58604  9.90604 27.43008  0.95527  0.43979  0.02237
  50 6.548E-01  9.56633  9.90448 27.40554  0.96244  0.44050  0.02241
  51 6.668E-01  9.54613  9.90533 27.38064  0.97683  0.44090  0.02275
  52 6.788E-01  9.52524  9.92535 27.35531  1.05767  0.43711  0.02628
  53 6.908E-01  9.50460  9.92381 27.32960  1.06630  0.43780  0.02633
  54 7.028E-01  9.48328  9.92253 27.30343  1.07646  0.43849  0.02647
  55 7.211E-01  9.45029  9.91997 27.26269  1.09049  0.43959  0.02656
  56 7.393E-01  9.41645  9.91677 27.22096  1.10295  0.44071  0.02655
  57 7.574E-01  9.38173  9.91375 27.17832  1.11736  0.44185  0.02662
  58 7.753E-01  9.34625  9.91052 27.13458  1.13196  0.44303  0.02667
  59 7.932E-01  9.31002  9.90693 27.08970  1.14636  0.44427  0.02668
  60 8.020E-01  9.29136  9.90570 27.06686  1.15664  0.44484  0.02684
  61 8.109E-01  9.27280  9.90292 27.04361  1.16045  0.44546  0.02665
  62 8.197E-01  9.25363  9.90116 27.02013  1.16928  0.44607  0.02672
  63 8.285E-01  9.23414  9.89903 26.99623  1.17680  0.44669  0.02672
  64 8.372E-01  9.21439  9.89687 26.97208  1.18439  0.44730  0.02671
  65 8.460E-01  9.19430  9.89470 26.94749  1.19238  0.44791  0.02673
  66 8.569E-01  9.16828  9.89174 26.91607  1.20187  0.44868  0.02671
  67 8.678E-01  9.14145  9.89051 26.88399  1.21962  0.44912  0.02703
  68 8.787E-01  9.11446  9.88775 26.85116  1.23169  0.44984  0.02708
  69 8.895E-01  9.08769  9.89273 26.81754  1.27767  0.44852  0.02850
  70 9.004E-01  9.05992  9.88946 26.78313  1.28870  0.44937  0.02845
  71 9.112E-01  9.03132  9.88603 26.74782  1.30026  0.45018  0.02839
  72 9.220E-01  9.00200  9.88236 26.71159  1.31171  0.45100  0.02829
  73 9.328E-01  8.97189  9.87851 26.67433  1.32333  0.45181  0.02816
  74 9.436E-01  8.94093  9.87454 26.63605  1.33528  0.45260  0.02802
  75 9.543E-01  8.90896  9.87030 26.59660  1.34717  0.45337  0.02783
  76 9.651E-01  8.87604  9.86588 26.55599  1.35952  0.45413  0.02762
  77 9.758E-01  8.84205  9.86138 26.51403  1.37259  0.45487  0.02741
  78 9.864E-01  8.80704  9.85654 26.47074  1.38514  0.45562  0.02716
  79 9.971E-01  8.77071  9.85134 26.42588  1.39745  0.45639  0.02686
  80 1.008E+00  8.73323  9.84582 26.37946  1.41001  0.45714  0.02650
  81 1.018E+00  8.69454  9.83991 26.33121  1.42236  0.45789  0.02607
  82 1.030E+00  8.64962  9.83321 26.27557  1.43614  0.45869  0.02564
  83 1.042E+00  8.60261  9.82545 26.21729  1.44889  0.45945  0.02502
  84 1.047E+00  8.57774  9.82119 26.18632  1.45609  0.45980  0.02465
  85 1.053E+00  8.55235  9.81683 26.15453  1.46233  0.46013  0.02427
  86 1.059E+00  8.52655  9.81228 26.12185  1.46847  0.46043  0.02387
  87 1.065E+00  8.49987  9.80770 26.08824  1.47544  0.46070  0.02350
  88 1.071E+00  8.47181  9.80211 26.05281  1.47962  0.46098  0.02302
  89 1.077E+00  8.44274  9.79663 26.01626  1.48555  0.46121  0.02258
  90 1.083E+00  8.41296  9.79052 25.97852  1.48975  0.46143  0.02209
  91 1.089E+00  8.38224  9.78477 25.93952  1.49726  0.46162  0.02167
  92 1.096E+00  8.35018  9.77762 25.89819  1.50072  0.46179  0.02115
  93 1.102E+00  8.31664  9.77025 25.85536  1.50553  0.46194  0.02068
  94 1.108E+00  8.28162  9.76271 25.81092  1.51203  0.46207  0.02026
  95 1.114E+00  8.24567  9.75412 25.76478  1.51620  0.46217  0.01984
  96 1.121E+00  8.20587  9.74426 25.71291  1.52045  0.46226  0.01944
  97 1.127E+00  8.16382  9.73358 25.65868  1.52542  0.46235  0.01909
  98 1.134E+00  8.12037  9.72199 25.60192  1.52990  0.46243  0.01878
  99 1.141E+00  8.07484  9.70950 25.54227  1.53456  0.46250  0.01853
 100 1.147E+00  8.02690  9.69610 25.47902  1.53979  0.46256  0.01832
 101 1.154E+00  7.96357  9.68732 25.41115  1.59762  0.47048  0.01849
 102 1.160E+00  7.90821  9.66896 25.33745  1.59561  0.47057  0.01828
 103 1.167E+00  7.84530  9.65126 25.25580  1.60805  0.47066  0.01816
 104 1.174E+00  7.53614  9.77849 25.16682  3.74640  0.48712  0.06154
 105 1.180E+00  7.45830  9.76280 25.07927  3.77514  0.48881  0.05448
 106 1.187E+00  7.37889  9.74668 24.98920  3.81839  0.49000  0.04770
 107 1.193E+00  7.28575  9.73372 24.90692  4.01806  0.49069  0.04387
 108 1.200E+00  7.21387  9.72192 24.82597  3.76727  0.49803  0.01846
 109 1.206E+00  7.14881  9.70203 24.74160  3.79869  0.49818  0.01881
 110 1.213E+00  7.08351  9.68210 24.65736  3.84777  0.49826  0.01990
 111 1.219E+00  7.02256  9.66353 24.57974  3.92937  0.49830  0.02270
 112 1.230E+00  6.93219  9.63246 24.45451  3.96840  0.49834  0.02590
 113 1.241E+00  6.85057  9.60331 24.33722  3.93818  0.49837  0.02659
 114 1.253E+00  6.77281  9.57612 24.22658  3.90763  0.49839  0.02668
 115 1.264E+00  6.69771  9.55041 24.12104  3.88617  0.49840  0.02668
 116 1.274E+00  6.62557  9.52618 24.02077  3.87307  0.49841  0.02668
 117 1.285E+00  6.55573  9.50276 23.92380  3.86136  0.49841  0.02668
 118 1.296E+00  6.48848  9.48029 23.83061  3.85178  0.49842  0.02668
 119 1.307E+00  6.42312  9.45847 23.74009  3.84291  0.49842  0.02668
 120 1.317E+00  6.35980  9.43735 23.65244  3.83485  0.49843  0.02668
 121 1.328E+00  6.29782  9.41668 23.56669  3.82757  0.49843  0.02668
 122 1.339E+00  6.23754  9.39652 23.48326  3.82072  0.49843  0.02668
 123 1.349E+00  6.17843  9.37670 23.40141  3.81422  0.49843  0.02668
 124 1.359E+00  6.12086  9.35726 23.32152  3.80739  0.49843  0.02668
 125 1.370E+00  6.06421  9.33799 23.24273  3.80022  0.49844  0.02668
 126 1.380E+00  6.00881  9.31900 23.16548  3.79278  0.49844  0.02668
 127 1.390E+00  5.95410  9.30007 23.08901  3.78501  0.49844  0.02668
 128 1.402E+00  5.89193  9.27833 23.00182  3.77563  0.49844  0.02668
 129 1.413E+00  5.83025  9.25660 22.91522  3.76700  0.49844  0.02668
 130 1.425E+00  5.76742  9.23438 22.82711  3.76031  0.49844  0.02668
 131 1.437E+00  5.70418  9.21194 22.73850  3.75538  0.49844  0.02668
 132 1.443E+00  5.67227  9.20060 22.69385  3.75370  0.49844  0.02668
 133 1.449E+00  5.64008  9.18914 22.64881  3.75232  0.49844  0.02668
 134 1.454E+00  5.60769  9.17757 22.60346  3.75120  0.49844  0.02668
 135 1.460E+00  5.57515  9.16591 22.55788  3.75028  0.49844  0.02668
 136 1.466E+00  5.54185  9.15392 22.51116  3.74943  0.49844  0.02668
 137 1.472E+00  5.50837  9.14178 22.46408  3.74836  0.49844  0.02668
 138 1.478E+00  5.47327  9.12950 22.41662  3.77928  0.49875  0.02785
 139 1.484E+00  5.43936  9.11707 22.36875  3.77806  0.49875  0.02785
 140 1.491E+00  5.40250  9.10347 22.31658  3.77656  0.49875  0.02785
 141 1.497E+00  5.35680  9.08965 22.26376  3.85587  0.49908  0.03049
 142 1.503E+00  5.22189  9.09945 22.21036  5.06604  0.49913  0.05807
 143 1.510E+00  5.18490  9.08604 22.15826  5.06333  0.49913  0.05807
 144 1.522E+00  5.11153  9.05910 22.05436  5.05666  0.49913  0.05807
 145 1.535E+00  5.04049  9.03274 21.95338  5.05009  0.49913  0.05807
 146 1.548E+00  4.97119  9.00678 21.85448  5.04345  0.49913  0.05807
 147 1.560E+00  4.90319  8.98110 21.75711  5.03664  0.49913  0.05807
 148 1.573E+00  4.83619  8.95567 21.66098  5.03029  0.49913  0.05807
 149 1.585E+00  4.76957  8.93027 21.56523  5.02447  0.49913  0.05807
 150 1.594E+00  4.71890  8.91093 21.49240  5.02073  0.49913  0.05807
 151 1.604E+00  4.66810  8.89151 21.41937  5.01749  0.49913  0.05807
 152 1.613E+00  4.61721  8.87205 21.34622  5.01493  0.49913  0.05807
 153 1.622E+00  4.56579  8.85249 21.27255  5.01422  0.49913  0.05807
 154 1.632E+00  4.51435  8.83269 21.19843  5.01173  0.49913  0.05807
 155 1.641E+00  4.46222  8.81263 21.12335  5.01009  0.49913  0.05807
 156 1.650E+00  4.40928  8.79241 21.04744  5.01058  0.49913  0.05807
 157 1.659E+00  4.35556  8.77171 20.97009  5.01003  0.49913  0.05807
 158 1.668E+00  4.30099  8.75059 20.89138  5.00934  0.49913  0.05807
 159 1.677E+00  4.24508  8.72886 20.81059  5.00856  0.49913  0.05807
 160 1.686E+00  4.18784  8.70652 20.72775  5.00765  0.49913  0.05807
 161 1.695E+00  4.12869  8.68333 20.64199  5.00668  0.49913  0.05807
 162 1.704E+00  4.06753  8.65923 20.55315  5.00559  0.49913  0.05807
 163 1.712E+00  4.00357  8.63391 20.46008  5.00446  0.49913  0.05807
 164 1.721E+00  3.93656  8.60723 20.36238  5.00323  0.49913  0.05807
 165 1.730E+00  3.84051  8.58454 20.25857  5.35480  0.49941  0.06936
 166 1.741E+00  3.69378  8.56336 20.11708  5.70648  0.49941  0.06916
 167 1.751E+00  3.51636  8.54460 19.96636  6.29123  0.49941  0.06930
 168 1.762E+00  3.36840  8.51216 19.80891  6.69193  0.49941  0.07287
 169 1.773E+00  3.24461  8.47227 19.64966  6.91984  0.49941  0.07910
 170 1.784E+00  3.12434  8.42951 19.48654  7.12317  0.49941  0.08716
 171 1.795E+00  2.98720  8.38932 19.32055  7.49545  0.49941  0.09724
 172 1.806E+00  2.74097  8.35266 19.15087 11.11913  0.49941  0.24276
 173 1.817E+00  2.63348  8.31308 18.99864 11.13109  0.49941  0.24276
 174 1.828E+00  2.52846  8.27447 18.85012 11.14589  0.49941  0.24276
 175 1.840E+00  2.43385  8.23972 18.71646 11.16155  0.49941  0.24276
 176 1.863E+00  2.26522  8.17780 18.47842 11.19350  0.49941  0.24276
 177 1.886E+00  2.12204  8.12524 18.27647 11.22428  0.49941  0.24276
 178 1.908E+00  1.99759  8.07954 18.10101 11.25325  0.49941  0.24276
 179 1.930E+00  1.89019  8.04007 17.94960 11.27962  0.49941  0.24276
 180 1.951E+00  1.79450  8.00486 17.81463 11.30350  0.49941  0.24276
 181 1.972E+00  1.70838  7.97310 17.69307 11.32500  0.49941  0.24276
 182 1.992E+00  1.63024  7.94421 17.58267 11.34436  0.49941  0.24276
 183 2.013E+00  1.55883  7.91776 17.48168 11.36181  0.49941  0.24276
 184 2.032E+00  1.49318  7.89336 17.38871 11.37751  0.49941  0.24276
 185 2.052E+00  1.43250  7.87076 17.30269 11.39168  0.49941  0.24276
 186 2.071E+00  1.37614  7.84972 17.22272 11.40458  0.49941  0.24276
 187 2.090E+00  1.32259  7.82970 17.14669 11.41689  0.49941  0.24276
 188 2.108E+00  1.27193  7.81074 17.07475 11.42866  0.49941  0.24276
 189 2.127E+00  1.22386  7.79273 17.00646 11.43987  0.49941  0.24276
 190 2.145E+00  1.17815  7.77558 16.94149 11.45057  0.49941  0.24276
 191 2.163E+00  1.13456  7.75920 16.87951 11.46080  0.49941  0.24276
 192 2.181E+00  1.09289  7.74353 16.82024 11.47052  0.49941  0.24276
 193 2.199E+00  1.05299  7.72850 16.76344 11.47980  0.49941  0.24276
 194 2.217E+00  1.01482  7.71410 16.70908 11.48864  0.49941  0.24276
 195 2.236E+00  0.97398  7.69866 16.65087 11.49790  0.49941  0.24276
 196 2.255E+00  0.93438  7.68367 16.59438 11.50682  0.49941  0.24276
 197 2.274E+00  0.89582  7.66904 16.53934 11.51536  0.49941  0.24276
 198 2.293E+00  0.85925  7.65516 16.48716 11.52372  0.49941  0.24276
 199 2.334E+00  0.78065  7.62509 16.37454 11.53915  0.49941  0.24276
 200 2.373E+00  0.71011  7.59801 16.27333 11.55268  0.49941  0.24276
 201 2.406E+00  0.65165  7.57547 16.18931 11.56348  0.49941  0.24276
 202 2.438E+00  0.59581  7.55385 16.10893 11.57327  0.49941  0.24276
 203 2.472E+00  0.53750  7.53115 16.02479 11.58278  0.49941  0.24276
 204 2.505E+00  0.48199  7.50945 15.94455 11.59130  0.49941  0.24276
 205 2.533E+00  0.43644  7.49156 15.87859 11.59795  0.49941  0.24276
 206 2.560E+00  0.39266  7.47431 15.81511 11.60398  0.49941  0.24276
 207 2.585E+00  0.35071  7.45770 15.75417 11.60940  0.49941  0.24276
 208 2.610E+00  0.31057  7.44175 15.69577 11.61429  0.49941  0.24276
 209 2.636E+00  0.26825  7.42485 15.63408 11.61904  0.49941  0.24276
 210 2.661E+00  0.22815  7.40879 15.57556 11.62335  0.49941  0.24276
 211 2.708E+00  0.14817  7.37640 15.45830 11.62959  0.49941  0.24276
 212 2.750E+00  0.07768  7.34762 15.35463 11.63421  0.49941  0.24276
 213 2.790E+00  0.00923  7.31943 15.25363 11.63773  0.49941  0.24276
 214 2.822E+00 -0.04751  7.29590 15.16972 11.64016  0.49941  0.24276
 215 2.853E+00 -0.10323  7.27262 15.08707 11.64192  0.49941  0.24276
 216 2.886E+00 -0.16629  7.24603 14.99325 11.64303  0.49941  0.24276
 217 2.917E+00 -0.23298  7.22102 14.90199 11.77594  0.50000  0.24783
 218 2.948E+00 -0.30311  7.19597 14.80560 11.82078  0.50000  0.24783
 219 2.979E+00 -0.37921  7.16942 14.70210 11.87521  0.50000  0.24783
 220 3.004E+00 -0.44606  7.14644 14.61179 11.92633  0.50000  0.24783
 221 3.030E+00 -0.51778  7.12206 14.51535 11.98356  0.50000  0.24783
 222 3.073E+00 -0.65199  7.07647 14.33494 12.09099  0.50000  0.24783
 223 3.093E+00 -0.71728  7.05478 14.24800 12.14770  0.50000  0.24783
 224 3.112E+00 -0.78866  7.03114 14.15310 12.21038  0.50000  0.24783
 225 3.141E+00 -0.90996  6.99101 13.99189 12.31727  0.50000  0.24783
 226 3.166E+00 -1.02710  6.95267 13.83690 12.42412  0.50000  0.24783
 227 3.186E+00 -1.13554  6.91748 13.69396 12.52594  0.50000  0.24783
 228 3.201E+00 -1.22799  6.88776 13.57258 12.61534  0.50000  0.24783
 229 3.214E+00 -1.31607  6.85963 13.45726 12.70231  0.50000  0.24783
 230 3.226E+00 -1.41670  6.82761 13.32571 12.80275  0.50000  0.24783
 231 3.233E+00 -1.47975  6.80777 13.24368 12.86785  0.50000  0.24783
 232 3.240E+00 -1.54848  6.78621 13.15438 12.93947  0.50000  0.24783
 233 3.246E+00 -1.60865  6.76744 13.07639 13.00325  0.50000  0.24783
 234 3.252E+00 -1.67555  6.74663 12.98981 13.07488  0.50000  0.24783
 235 3.256E+00 -1.73351  6.72869 12.91494 13.13780  0.50000  0.24783
 236 3.261E+00 -1.79808  6.70875 12.83163 13.20854  0.50000  0.24783
 237 3.266E+00 -1.86851  6.68707 12.74088 13.28639  0.50000  0.24783
 238 3.269E+00 -1.92314  6.67029 12.67057 13.34734  0.50000  0.24783
 239 3.272E+00 -1.98457  6.65145 12.59158 13.41627  0.50000  0.24783
 240 3.275E+00 -2.03821  6.63503 12.52266 13.47677  0.50000  0.24783
 241 3.278E+00 -2.09716  6.61698 12.44692 13.54350  0.50000  0.24783
 242 3.280E+00 -2.14893  6.60114 12.38043 13.60223  0.50000  0.24783
 243 3.282E+00 -2.20580  6.58374 12.30739 13.66687  0.50000  0.24783
 244 3.284E+00 -2.25947  6.56732 12.23850 13.72808  0.50000  0.24783
 245 3.285E+00 -2.31877  6.54918 12.16237 13.79582  0.50000  0.24783
 246 3.287E+00 -2.36773  6.53423 12.09958 13.85213  0.50000  0.24783
 247 3.288E+00 -2.42145  6.51785 12.03074 13.91433  0.50000  0.24783
 248 3.289E+00 -2.47062  6.50292 11.96785 13.97197  0.50000  0.24783
 249 3.290E+00 -2.52471  6.48656 11.89879 14.03620  0.50000  0.24783
 250 3.291E+00 -2.57230  6.47226 11.83822 14.09393  0.50000  0.24783
 251 3.292E+00 -2.62467  6.45666 11.77182 14.15901  0.50000  0.24783
 252 3.294E+00 -2.72020  6.42833 11.65098 14.27965  0.50000  0.24783
 253 3.294E+00 -2.77242  6.41288 11.58501 14.34630  0.50000  0.24783
 254 3.295E+00 -2.81714  6.39960 11.52845 14.40307  0.50000  0.24783
 255 3.295E+00 -2.86638  6.38495 11.46611 14.46539  0.50000  0.24783
 256 3.296E+00 -2.90501  6.37346 11.41723 14.51447  0.50000  0.24783
 257 3.296E+00 -2.95609  6.35823 11.35253 14.57907  0.50000  0.24783
 258 3.297E+00 -3.00361  6.34403 11.29231 14.63905  0.50000  0.24783
 259 3.297E+00 -3.05688  6.32806 11.22469 14.70578  0.50000  0.24783
 260 3.297E+00 -3.09230  6.31741 11.17969 14.75000  0.50000  0.24783

 AT THE ZONE BOUNDRY (RADIUS, VELOCITY)

   J   BMASS   LOG R/RSUN   V(CM/S)
   1 3.300E-10 -6.61092-5.538E+04
   2 1.058E-03 -4.44225-8.169E+06
   3 2.507E-03 -4.31532-1.079E+07
   4 4.963E-03 -4.21416-1.332E+07
   5 7.545E-03 -4.15180-1.512E+07
   6 1.062E-02 -4.10061-1.680E+07
   7 1.556E-02 -4.04306-1.893E+07
   8 2.186E-02 -3.99106-2.110E+07
   9 3.149E-02 -3.93486-2.378E+07
  10 4.933E-02 -3.86402-2.793E+07
  11 6.951E-02 -3.80769-3.140E+07
  12 8.694E-02 -3.77028-3.356E+07
  13 1.049E-01 -3.73821-3.743E+07
  14 1.235E-01 -3.70955-3.924E+07
  15 1.397E-01 -3.68743-4.095E+07
  16 1.525E-01 -3.67157-4.226E+07
  17 1.654E-01 -3.65657-4.355E+07
  18 1.786E-01 -3.64221-4.481E+07
  19 1.937E-01 -3.62678-4.620E+07
  20 2.107E-01 -3.61039-4.774E+07
  21 2.281E-01 -3.59471-4.926E+07
  22 2.458E-01 -3.57967-5.077E+07
  23 2.605E-01 -3.56764-5.201E+07
  24 2.722E-01 -3.55845-5.299E+07
  25 2.840E-01 -3.54949-5.398E+07
  26 2.958E-01 -3.54069-5.498E+07
  27 3.078E-01 -3.53206-5.599E+07
  28 3.198E-01 -3.52360-5.703E+07
  29 3.318E-01 -3.51530-5.807E+07
  30 3.439E-01 -3.50715-5.913E+07
  31 3.594E-01 -3.49705-6.048E+07
  32 3.783E-01 -3.48491-6.214E+07
  33 3.979E-01 -3.47273-6.385E+07
  34 4.180E-01 -3.46048-6.560E+07
  35 4.341E-01 -3.45082-6.703E+07
  36 4.460E-01 -3.44385-6.808E+07
  37 4.579E-01 -3.43694-6.913E+07
  38 4.698E-01 -3.43007-7.018E+07
  39 4.818E-01 -3.42326-7.122E+07
  40 4.938E-01 -3.41650-7.226E+07
  41 5.058E-01 -3.40979-7.328E+07
  42 5.178E-01 -3.40311-7.428E+07
  43 5.340E-01 -3.39422-7.562E+07
  44 5.545E-01 -3.38303-7.728E+07
  45 5.753E-01 -3.37177-7.896E+07
  46 5.963E-01 -3.36044-8.068E+07
  47 6.128E-01 -3.35149-8.200E+07
  48 6.249E-01 -3.34504-8.297E+07
  49 6.369E-01 -3.33860-8.395E+07
  50 6.489E-01 -3.33215-8.491E+07
  51 6.609E-01 -3.32569-8.589E+07
  52 6.730E-01 -3.31922-8.687E+07
  53 6.850E-01 -3.31274-8.786E+07
  54 6.970E-01 -3.30624-8.888E+07
  55 7.122E-01 -3.29803-9.017E+07
  56 7.304E-01 -3.28806-9.171E+07
  57 7.485E-01 -3.27805-9.367E+07
  58 7.666E-01 -3.26800-9.532E+07
  59 7.845E-01 -3.25789-9.706E+07
  60 7.977E-01 -3.25023-9.849E+07
  61 8.066E-01 -3.24512-9.933E+07
  62 8.154E-01 -3.23999-1.003E+08
  63 8.242E-01 -3.23483-1.013E+08
  64 8.330E-01 -3.22964-1.024E+08
  65 8.417E-01 -3.22443-1.034E+08
  66 8.516E-01 -3.21850-1.046E+08
  67 8.625E-01 -3.21183-1.059E+08
  68 8.734E-01 -3.20506-1.073E+08
  69 8.842E-01 -3.19820-1.086E+08
  70 8.951E-01 -3.19126-1.101E+08
  71 9.059E-01 -3.18422-1.114E+08
  72 9.168E-01 -3.17707-1.128E+08
  73 9.276E-01 -3.16980-1.142E+08
  74 9.384E-01 -3.16242-1.157E+08
  75 9.491E-01 -3.15490-1.172E+08
  76 9.598E-01 -3.14724-1.189E+08
  77 9.705E-01 -3.13943-1.206E+08
  78 9.812E-01 -3.13145-1.223E+08
  79 9.919E-01 -3.12329-1.242E+08
  80 1.002E+00 -3.11493-1.261E+08
  81 1.013E+00 -3.10636-1.282E+08
  82 1.024E+00 -3.09710-1.305E+08
  83 1.036E+00 -3.08705-1.331E+08
  84 1.045E+00 -3.07917-1.352E+08
  85 1.051E+00 -3.07374-1.367E+08
  86 1.056E+00 -3.06820-1.381E+08
  87 1.062E+00 -3.06255-1.397E+08
  88 1.068E+00 -3.05671-1.413E+08
  89 1.074E+00 -3.05067-1.430E+08
  90 1.081E+00 -3.04448-1.448E+08
  91 1.087E+00 -3.03815-1.465E+08
  92 1.093E+00 -3.03157-1.483E+08
  93 1.099E+00 -3.02474-1.503E+08
  94 1.105E+00 -3.01771-1.526E+08
  95 1.111E+00 -3.01047-1.547E+08
  96 1.118E+00 -3.00271-1.570E+08
  97 1.124E+00 -2.99437-1.596E+08
  98 1.131E+00 -2.98572-1.625E+08
  99 1.137E+00 -2.97674-1.653E+08
 100 1.144E+00 -2.96738-1.681E+08
 101 1.151E+00 -2.95761-1.702E+08
 102 1.157E+00 -2.94710-1.703E+08
 103 1.164E+00 -2.93607-1.695E+08
 104 1.170E+00 -2.92429-1.641E+08
 105 1.177E+00 -2.90292-1.659E+08
 106 1.183E+00 -2.88094-1.558E+08
 107 1.190E+00 -2.85834-1.535E+08
 108 1.197E+00 -2.83454-1.535E+08
 109 1.203E+00 -2.81077-1.500E+08
 110 1.210E+00 -2.78734-1.525E+08
 111 1.216E+00 -2.76419-1.514E+08
 112 1.225E+00 -2.73384-1.444E+08
 113 1.236E+00 -2.69676-1.346E+08
 114 1.247E+00 -2.66206-1.250E+08
 115 1.258E+00 -2.62932-1.161E+08
 116 1.269E+00 -2.59829-1.080E+08
 117 1.280E+00 -2.56874-1.006E+08
 118 1.291E+00 -2.54049-9.387E+07
 119 1.302E+00 -2.51341-8.771E+07
 120 1.312E+00 -2.48737-8.215E+07
 121 1.323E+00 -2.46228-7.716E+07
 122 1.333E+00 -2.43804-7.267E+07
 123 1.344E+00 -2.41457-6.853E+07
 124 1.354E+00 -2.39180-6.467E+07
 125 1.365E+00 -2.36968-6.104E+07
 126 1.375E+00 -2.34816-5.768E+07
 127 1.385E+00 -2.32719-5.460E+07
 128 1.396E+00 -2.30523-5.142E+07
 129 1.408E+00 -2.28221-4.840E+07
 130 1.419E+00 -2.25943-4.549E+07
 131 1.431E+00 -2.23680-4.264E+07
 132 1.440E+00 -2.21978-4.097E+07
 133 1.446E+00 -2.20849-3.950E+07
 134 1.452E+00 -2.19727-3.824E+07
 135 1.457E+00 -2.18609-3.705E+07
 136 1.463E+00 -2.17487-3.587E+07
 137 1.469E+00 -2.16358-3.472E+07
 138 1.475E+00 -2.15232-3.360E+07
 139 1.481E+00 -2.14105-3.252E+07
 140 1.488E+00 -2.12938-3.139E+07
 141 1.494E+00 -2.11728-3.029E+07
 142 1.500E+00 -2.10495-2.918E+07
 143 1.507E+00 -2.08971-2.800E+07
 144 1.516E+00 -2.06771-2.606E+07
 145 1.529E+00 -2.03893-2.397E+07
 146 1.542E+00 -2.01119-2.204E+07
 147 1.554E+00 -1.98437-2.030E+07
 148 1.567E+00 -1.95837-1.870E+07
 149 1.579E+00 -1.93309-1.722E+07
 150 1.590E+00 -1.91112-1.608E+07
 151 1.599E+00 -1.89252-1.514E+07
 152 1.609E+00 -1.87422-1.432E+07
 153 1.618E+00 -1.85616-1.359E+07
 154 1.627E+00 -1.83831-1.293E+07
 155 1.636E+00 -1.82062-1.235E+07
 156 1.645E+00 -1.80307-1.183E+07
 157 1.655E+00 -1.78561-1.135E+07
 158 1.664E+00 -1.76819-1.091E+07
 159 1.673E+00 -1.75078-1.049E+07
 160 1.682E+00 -1.73333-1.010E+07
 161 1.690E+00 -1.71580-9.729E+06
 162 1.699E+00 -1.69811-9.372E+06
 163 1.708E+00 -1.68022-9.025E+06
 164 1.717E+00 -1.66204-8.684E+06
 165 1.726E+00 -1.64346-8.346E+06
 166 1.735E+00 -1.62077-7.931E+06
 167 1.746E+00 -1.59137-7.402E+06
 168 1.757E+00 -1.55600-6.777E+06
 169 1.768E+00 -1.51744-6.134E+06
 170 1.779E+00 -1.47821-5.537E+06
 171 1.790E+00 -1.43875-4.986E+06
 172 1.801E+00 -1.39773-4.448E+06
 173 1.811E+00 -1.34544-3.810E+06
 174 1.823E+00 -1.29653-3.290E+06
 175 1.834E+00 -1.25027-2.872E+06
 176 1.852E+00 -1.19061-2.431E+06
 177 1.875E+00 -1.11791-1.962E+06
 178 1.897E+00 -1.05521-1.607E+06
 179 1.919E+00 -1.00073-1.342E+06
 180 1.941E+00 -0.95295-1.148E+06
 181 1.962E+00 -0.91014-1.004E+06
 182 1.983E+00 -0.87143-8.951E+05
 183 2.003E+00 -0.83620-8.099E+05
 184 2.023E+00 -0.80391-7.410E+05
 185 2.042E+00 -0.77418-6.828E+05
 186 2.061E+00 -0.74667-6.308E+05
 187 2.080E+00 -0.72089-5.815E+05
 188 2.099E+00 -0.69651-5.326E+05
 189 2.118E+00 -0.67348-4.831E+05
 190 2.136E+00 -0.65167-4.330E+05
 191 2.154E+00 -0.63097-3.824E+05
 192 2.173E+00 -0.61128-3.317E+05
 193 2.190E+00 -0.59252-2.819E+05
 194 2.208E+00 -0.57461-2.336E+05
 195 2.226E+00 -0.55660-1.850E+05
 196 2.246E+00 -0.53837-1.370E+05
 197 2.265E+00 -0.52073-9.215E+04
 198 2.284E+00 -0.50366-5.153E+04
 199 2.314E+00 -0.47834 0.000E+00
 200 2.354E+00 -0.44577 0.000E+00
 201 2.390E+00 -0.41774 0.000E+00
 202 2.422E+00 -0.39327 0.000E+00
 203 2.456E+00 -0.36931 0.000E+00
 204 2.489E+00 -0.34581 0.000E+00
 205 2.520E+00 -0.32516 0.000E+00
 206 2.547E+00 -0.30720 0.000E+00
 207 2.573E+00 -0.29025 0.000E+00
 208 2.598E+00 -0.27423 0.000E+00
 209 2.623E+00 -0.25840 0.000E+00
 210 2.649E+00 -0.24265 0.000E+00
 211 2.685E+00 -0.22081 0.000E+00
 212 2.730E+00 -0.19373 0.000E+00
 213 2.771E+00 -0.16943 0.000E+00
 214 2.806E+00 -0.14809 0.000E+00
 215 2.838E+00 -0.12952 0.000E+00
 216 2.870E+00 -0.11063 0.000E+00
 217 2.902E+00 -0.09142 0.000E+00
 218 2.932E+00 -0.07246 0.000E+00
 219 2.964E+00 -0.05286 0.000E+00
 220 2.992E+00 -0.03415 0.000E+00
 221 3.018E+00 -0.01660 0.000E+00
 222 3.052E+00  0.00740 0.000E+00
 223 3.083E+00  0.03199 0.000E+00
 224 3.103E+00  0.04763 0.000E+00
 225 3.127E+00  0.06819 0.000E+00
 226 3.154E+00  0.09368 0.000E+00
 227 3.176E+00  0.11695 0.000E+00
 228 3.194E+00  0.13703 0.000E+00
 229 3.207E+00  0.15434 0.000E+00
 230 3.220E+00  0.17165 0.000E+00
 231 3.230E+00  0.18681 0.000E+00
 232 3.237E+00  0.19837 0.000E+00
 233 3.243E+00  0.20957 0.000E+00
 234 3.249E+00  0.22030 0.000E+00
 235 3.254E+00  0.23077 0.000E+00
 236 3.259E+00  0.24075 0.000E+00
 237 3.263E+00  0.25155 0.000E+00
 238 3.267E+00  0.26151 0.000E+00
 239 3.271E+00  0.27041 0.000E+00
 240 3.274E+00  0.27916 0.000E+00
 241 3.276E+00  0.28746 0.000E+00
 242 3.279E+00  0.29552 0.000E+00
 243 3.281E+00  0.30320 0.000E+00
 244 3.283E+00  0.31090 0.000E+00
 245 3.284E+00  0.31854 0.000E+00
 246 3.286E+00  0.32580 0.000E+00
 247 3.287E+00  0.33247 0.000E+00
 248 3.289E+00  0.33906 0.000E+00
 249 3.290E+00  0.34549 0.000E+00
 250 3.291E+00  0.35175 0.000E+00
 251 3.292E+00  0.35772 0.000E+00
 252 3.293E+00  0.36607 0.000E+00
 253 3.294E+00  0.37477 0.000E+00
 254 3.295E+00  0.38015 0.000E+00
 255 3.295E+00  0.38520 0.000E+00
 256 3.296E+00  0.38987 0.000E+00
 257 3.296E+00  0.39444 0.000E+00
 258 3.296E+00  0.39938 0.000E+00
 259 3.297E+00  0.40424 0.000E+00
 260 3.297E+00  0.40847 0.000E+00
   J     HE4         C12         O16         NE20       MG24
 142 4.75135E-11 2.45511E-02 6.46108E-01 2.50357E-01 6.74683E-02
 143 2.48572E-11 2.45511E-02 6.46108E-01 2.50357E-01 6.74683E-02
 144 9.50519E-12 2.45511E-02 6.46108E-01 2.50357E-01 6.74683E-02
 145 9.35625E-12 2.45511E-02 6.46108E-01 2.50357E-01 6.74683E-02
 146 9.37755E-12 2.45511E-02 6.46108E-01 2.50357E-01 6.74683E-02
 147 9.40429E-12 2.45511E-02 6.46108E-01 2.50357E-01 6.74683E-02
 148 9.41970E-12 2.45511E-02 6.46108E-01 2.50357E-01 6.74683E-02
 149 5.92829E-12 2.45511E-02 6.46108E-01 2.50357E-01 6.74683E-02
 150 5.92829E-12 2.45511E-02 6.46108E-01 2.50357E-01 6.74683E-02
 151 5.92829E-12 2.45511E-02 6.46108E-01 2.50357E-01 6.74683E-02
 152 5.92829E-12 2.45511E-02 6.46108E-01 2.50357E-01 6.74683E-02
 153 5.40018E-12 2.45511E-02 6.46108E-01 2.50357E-01 6.74683E-02
 154 5.40018E-12 2.45511E-02 6.46108E-01 2.50357E-01 6.74683E-02
 155 5.40018E-12 2.45511E-02 6.46108E-01 2.50357E-01 6.74683E-02
 156 5.40018E-12 2.45511E-02 6.46108E-01 2.50357E-01 6.74683E-02
 157 5.40018E-12 2.45511E-02 6.46108E-01 2.50357E-01 6.74683E-02
 158 5.40018E-12 2.45511E-02 6.46108E-01 2.50357E-01 6.74683E-02
 159 5.40018E-12 2.45511E-02 6.46108E-01 2.50357E-01 6.74683E-02
 160 5.40018E-12 2.45511E-02 6.46108E-01 2.50357E-01 6.74683E-02
 161 5.40220E-12 2.45511E-02 6.46108E-01 2.50357E-01 6.74683E-02
 162 5.40220E-12 2.45511E-02 6.46108E-01 2.50357E-01 6.74682E-02
 163 5.40220E-12 2.45511E-02 6.46108E-01 2.50357E-01 6.74682E-02
 164 5.40220E-12 2.45511E-02 6.46108E-01 2.50357E-01 6.74682E-02
 165 1.22095E-15 3.30247E-01 6.68333E-01 1.41276E-03 7.04298E-06
 166 9.38070E-07 3.23627E-01 6.70216E-01 6.05158E-03 1.05002E-04
 167 1.32887E-03 3.25834E-01 6.54551E-01 1.75594E-02 7.26167E-04
 168 1.65081E-02 3.54615E-01 6.19826E-01 8.81764E-03 2.33730E-04
 169 4.33521E-02 4.07462E-01 5.48171E-01 1.01033E-03 5.08827E-06
 170 8.00905E-02 4.63077E-01 4.56771E-01 6.17845E-05 1.54337E-07
 171 1.29006E-01 5.06577E-01 3.64410E-01 6.60468E-06 8.58305E-08
 172 9.60219E-01 2.49210E-02 1.30739E-02 1.78531E-03 4.07512E-07
 173 9.60219E-01 2.49210E-02 1.30739E-02 1.78531E-03 4.07512E-07
 174 9.60219E-01 2.49210E-02 1.30739E-02 1.78531E-03 4.07512E-07
 175 9.60219E-01 2.49210E-02 1.30739E-02 1.78531E-03 4.07512E-07
 176 9.60219E-01 2.49210E-02 1.30739E-02 1.78531E-03 4.07512E-07
 177 9.60219E-01 2.49210E-02 1.30739E-02 1.78531E-03 4.07512E-07
 178 9.60219E-01 2.49210E-02 1.30739E-02 1.78531E-03 4.07512E-07
 179 9.60219E-01 2.49210E-02 1.30739E-02 1.78531E-03 4.07512E-07
 180 9.60219E-01 2.49210E-02 1.30739E-02 1.78531E-03 4.07512E-07
 181 9.60219E-01 2.49210E-02 1.30739E-02 1.78531E-03 4.07512E-07
 182 9.60219E-01 2.49210E-02 1.30739E-02 1.78531E-03 4.07512E-07
 183 9.60219E-01 2.49210E-02 1.30739E-02 1.78531E-03 4.07512E-07
 184 9.60219E-01 2.49210E-02 1.30739E-02 1.78531E-03 4.07512E-07
 185 9.60219E-01 2.49210E-02 1.30739E-02 1.78531E-03 4.07512E-07
 186 9.60219E-01 2.49210E-02 1.30739E-02 1.78531E-03 4.07512E-07
 187 9.60219E-01 2.49210E-02 1.30739E-02 1.78531E-03 4.07512E-07
 188 9.60219E-01 2.49210E-02 1.30739E-02 1.78531E-03 4.07512E-07
 189 9.60219E-01 2.49210E-02 1.30739E-02 1.78531E-03 4.07512E-07
 190 9.60219E-01 2.49210E-02 1.30739E-02 1.78531E-03 4.07512E-07
 191 9.60219E-01 2.49210E-02 1.30739E-02 1.78531E-03 4.07512E-07
 192 9.60219E-01 2.49210E-02 1.30739E-02 1.78531E-03 4.07512E-07
 193 9.60219E-01 2.49210E-02 1.30739E-02 1.78531E-03 4.07512E-07
 194 9.60219E-01 2.49210E-02 1.30739E-02 1.78531E-03 4.07512E-07
 195 9.60219E-01 2.49210E-02 1.30739E-02 1.78531E-03 4.07512E-07
 196 9.60219E-01 2.49210E-02 1.30739E-02 1.78531E-03 4.07512E-07
 197 9.60219E-01 2.49210E-02 1.30739E-02 1.78531E-03 4.07512E-07
 198 9.60219E-01 2.49210E-02 1.30739E-02 1.78531E-03 4.07512E-07
 199 9.60219E-01 2.49210E-02 1.30739E-02 1.78531E-03 4.07512E-07
 200 9.60219E-01 2.49210E-02 1.30739E-02 1.78531E-03 4.07512E-07
 201 9.60219E-01 2.49210E-02 1.30739E-02 1.78531E-03 4.07512E-07
 202 9.60219E-01 2.49210E-02 1.30739E-02 1.78531E-03 4.07512E-07
 203 9.60219E-01 2.49210E-02 1.30739E-02 1.78531E-03 4.07512E-07
 204 9.60219E-01 2.49210E-02 1.30739E-02 1.78531E-03 4.07512E-07
 205 9.60219E-01 2.49210E-02 1.30739E-02 1.78531E-03 4.07512E-07
 206 9.60219E-01 2.49210E-02 1.30739E-02 1.78531E-03 4.07512E-07
 207 9.60219E-01 2.49210E-02 1.30739E-02 1.78531E-03 4.07512E-07
 208 9.60219E-01 2.49210E-02 1.30739E-02 1.78531E-03 4.07512E-07
 209 9.60219E-01 2.49210E-02 1.30739E-02 1.78531E-03 4.07512E-07
 210 9.60219E-01 2.49210E-02 1.30739E-02 1.78531E-03 4.07512E-07
 211 9.60219E-01 2.49210E-02 1.30739E-02 1.78531E-03 4.07512E-07
 212 9.60219E-01 2.49210E-02 1.30739E-02 1.78531E-03 4.07512E-07
 213 9.60219E-01 2.49210E-02 1.30739E-02 1.78531E-03 4.07512E-07
 214 9.60219E-01 2.49210E-02 1.30739E-02 1.78531E-03 4.07512E-07
 215 9.60219E-01 2.49210E-02 1.30739E-02 1.78531E-03 4.07512E-07
 216 9.60219E-01 2.49210E-02 1.30739E-02 1.78531E-03 4.07512E-07
 217 1.00000E+00 2.98599E-34 4.70510E-29 9.27060E-67 1.96182-128
 218 1.00000E+00 4.42545E-35 1.19051E-29 7.89643E-67 4.15446-130
 219 1.00000E+00 5.78394E-36 2.62462E-30 3.61634E-67 3.50021-132
 220 1.00000E+00 9.76623E-37 6.71578E-31 6.09807E-68 1.73801-134
 221 1.00000E+00 1.45870E-37 1.49832E-31 1.92958E-69 1.21524-137
 222 1.00000E+00 4.66158E-39 8.82734E-33 8.08673E-71 3.43523-142
 223 1.00000E+00 8.57188E-40 2.06786E-33 2.70176E-71 3.21716-144
 224 1.00000E+00 1.37702E-40 4.15524E-34 6.36989E-73 1.44842-147
 225 1.00000E+00 6.22368E-42 2.60050E-35 1.61903E-74 3.80455-152
 226 1.00000E+00 2.87763E-43 1.62556E-36 5.34843E-76 1.44193-156
 227 1.00000E+00 1.53480E-44 1.15677E-37 3.38300E-77 1.53456-160
 228 1.00000E+00 1.17248E-45 1.14334E-38 2.66703E-78 4.80195-164
 229 1.00000E+00 9.48300E-47 1.19529E-39 1.93885-119 9.42462-208
 230 1.00000E+00 4.97128E-48 8.51308E-41 6.64486-123 6.38858-214
 231 1.00000E+00 7.39690E-49 1.54804E-41 4.13892-125 7.75896-218
 232 1.00000E+00 8.91397E-50 2.33458E-42 1.50926-127 3.67602-222
 233 1.00000E+00 1.33560E-50 4.27968E-43 1.02978-129 5.38748-226
 234 1.00000E+00 1.54517E-51 6.22340E-44 3.70040-132 2.57820-230
 235 1.00000E+00 2.27488E-52 1.12113E-44 2.61247-134 4.14999-234
 236 1.00000E+00 2.56520E-53 1.58717E-45 9.61326-137 2.15576-238
 237 1.00000E+00 2.23677E-54 1.77775E-46 1.90917-139 3.86635-243
 238 1.00000E+00 3.21613E-55 3.10865E-47 1.40868-141 7.08396-247
 239 1.00000E+00 3.47650E-56 4.19893E-48 5.19406-144 3.90088-251
 240 1.00000E+00 4.78918E-57 7.02691E-49 3.60938-146 6.60345-255
 241 1.00000E+00 5.07378E-58 9.46784E-50 1.40999-148 4.13081-259
 242 1.00000E+00 6.79936E-59 1.56578E-50 1.00115-150 7.42539-263
 243 1.00000E+00 7.94371E-60 2.04903E-51 3.95128-153 4.91091-267
 244 1.00000E+00 1.18204E-60 2.86719E-52 1.95168-155 4.88322-271
 245 1.00000E+00 1.15489E-61 3.23281E-53 5.21012-158 1.64572-275
 246 1.00000E+00 2.37379E-62 5.52455E-54 3.91745-160 3.22045-279
 247 1.00000E+00 4.67592E-63 8.84864E-55 1.96821-162 2.83589-283
 248 1.00000E+00 6.61034E-64 1.38923E-55 1.26762-164 4.37868-287
 249 1.00000E+00 1.44636E-64 2.49740E-56 6.60212-167 3.64157-291
 250 1.00000E+00 2.11027E-65 4.05572E-57 4.68220-169 6.65927-295
 251 1.00000E+00 6.13551E-66 8.56752E-58 3.12113-171 7.82989-299
 252 1.00000E+00 1.27707E-67 4.33108E-59 2.67328-175 3.88221-306
 253 1.00000E+00 1.46283E-68 4.74112E-60 8.51057-178 1.98072-310
 254 1.00000E+00 6.44958-123 8.17425E-61 6.80179-180 4.37329-314
 255 1.00000E+00 2.44713-124 1.52027-112 2.33743-233 1.85856-369
 256 1.00000E+00 1.83650-125 1.31609-113 1.34355-235 4.48889-373
 257 1.00000E+00 5.73545-127 4.96966-115 1.34284-238 6.43635-378
 258 1.00000E+00 2.19194-128 2.26840-116 2.00149-241 1.75824-382
 259 1.00000E+00 5.34852-130 6.76330-118 1.21518-244 1.12659-387
 260 1.00000E+00 4.40107-131 6.36294-119 8.32078-247 3.60618-391
   J    SI28         S32        AR36         CA20
 142 1.15133E-02 2.68330E-06 2.30808E-09 1.51516E-14
 143 1.15134E-02 2.68330E-06 2.30808E-09 1.51516E-14
 144 1.15134E-02 2.68330E-06 2.30808E-09 1.51516E-14
 145 1.15134E-02 2.68330E-06 2.30808E-09 1.51516E-14
 146 1.15134E-02 2.68330E-06 2.30808E-09 1.51516E-14
 147 1.15134E-02 2.68330E-06 2.30808E-09 1.51516E-14
 148 1.15134E-02 2.68330E-06 2.30808E-09 1.51516E-14
 149 1.15134E-02 2.68330E-06 2.30808E-09 1.51516E-14
 150 1.15134E-02 2.68330E-06 2.30808E-09 1.51516E-14
 151 1.15134E-02 2.68330E-06 2.30808E-09 1.51516E-14
 152 1.15134E-02 2.68330E-06 2.30808E-09 1.51516E-14
 153 1.15134E-02 2.68330E-06 2.30808E-09 1.51516E-14
 154 1.15134E-02 2.68330E-06 2.30808E-09 1.51516E-14
 155 1.15134E-02 2.68330E-06 2.30808E-09 1.51516E-14
 156 1.15134E-02 2.68330E-06 2.30808E-09 1.51516E-14
 157 1.15134E-02 2.68330E-06 2.30808E-09 1.51516E-14
 158 1.15134E-02 2.68330E-06 2.30808E-09 1.51516E-14
 159 1.15134E-02 2.68330E-06 2.30808E-09 1.51516E-14
 160 1.15134E-02 2.68330E-06 2.30808E-09 1.51516E-14
 161 1.15134E-02 2.68330E-06 2.30808E-09 1.51516E-14
 162 1.15134E-02 2.68330E-06 2.30808E-09 1.51516E-14
 163 1.15134E-02 2.68330E-06 2.30808E-09 1.51516E-14
 164 1.15134E-02 2.68330E-06 2.30808E-09 1.51516E-14
 165 2.96874E-11 5.04851E-20 1.26917E-31 9.34063E-46
 166 1.70515E-09 1.03192E-16 1.33496E-26 6.28723E-39
 167 3.02150E-08 5.63139E-15 2.37459E-24 3.79786E-36
 168 5.12425E-09 0.00000E+00 0.00000E+00 0.00000E+00
 169 2.05508E-11 0.00000E+00 0.00000E+00 0.00000E+00
 170 2.61091E-14 0.00000E+00 0.00000E+00 0.00000E+00
 171 1.50374E-16 0.00000E+00 0.00000E+00 0.00000E+00
 172 9.23199E-21 0.00000E+00 0.00000E+00 0.00000E+00
 173 9.23199E-21 0.00000E+00 0.00000E+00 0.00000E+00
 174 9.23199E-21 0.00000E+00 0.00000E+00 0.00000E+00
 175 9.23199E-21 0.00000E+00 0.00000E+00 0.00000E+00
 176 9.23199E-21 0.00000E+00 0.00000E+00 0.00000E+00
 177 9.23199E-21 0.00000E+00 0.00000E+00 0.00000E+00
 178 9.23199E-21 0.00000E+00 0.00000E+00 0.00000E+00
 179 9.23199E-21 0.00000E+00 0.00000E+00 0.00000E+00
 180 9.23199E-21 0.00000E+00 0.00000E+00 0.00000E+00
 181 9.23199E-21 0.00000E+00 0.00000E+00 0.00000E+00
 182 9.23199E-21 0.00000E+00 0.00000E+00 0.00000E+00
 183 9.23199E-21 0.00000E+00 0.00000E+00 0.00000E+00
 184 9.23199E-21 0.00000E+00 0.00000E+00 0.00000E+00
 185 9.23199E-21 0.00000E+00 0.00000E+00 0.00000E+00
 186 9.23199E-21 0.00000E+00 0.00000E+00 0.00000E+00
 187 9.23199E-21 0.00000E+00 0.00000E+00 0.00000E+00
 188 9.23199E-21 0.00000E+00 0.00000E+00 0.00000E+00
 189 9.23199E-21 0.00000E+00 0.00000E+00 0.00000E+00
 190 9.23199E-21 0.00000E+00 0.00000E+00 0.00000E+00
 191 9.23199E-21 0.00000E+00 0.00000E+00 0.00000E+00
 192 9.23199E-21 0.00000E+00 0.00000E+00 0.00000E+00
 193 9.23199E-21 0.00000E+00 0.00000E+00 0.00000E+00
 194 9.23199E-21 0.00000E+00 0.00000E+00 0.00000E+00
 195 9.23199E-21 0.00000E+00 0.00000E+00 0.00000E+00
 196 9.23199E-21 0.00000E+00 0.00000E+00 0.00000E+00
 197 9.23199E-21 0.00000E+00 0.00000E+00 0.00000E+00
 198 9.23199E-21 0.00000E+00 0.00000E+00 0.00000E+00
 199 9.23199E-21 0.00000E+00 0.00000E+00 0.00000E+00
 200 9.23199E-21 0.00000E+00 0.00000E+00 0.00000E+00
 201 9.23199E-21 0.00000E+00 0.00000E+00 0.00000E+00
 202 9.23199E-21 0.00000E+00 0.00000E+00 0.00000E+00
 203 9.23199E-21 0.00000E+00 0.00000E+00 0.00000E+00
 204 9.23199E-21 0.00000E+00 0.00000E+00 0.00000E+00
 205 9.23199E-21 0.00000E+00 0.00000E+00 0.00000E+00
 206 9.23199E-21 0.00000E+00 0.00000E+00 0.00000E+00
 207 9.23199E-21 0.00000E+00 0.00000E+00 0.00000E+00
 208 9.23199E-21 0.00000E+00 0.00000E+00 0.00000E+00
 209 9.23199E-21 0.00000E+00 0.00000E+00 0.00000E+00
 210 9.23199E-21 0.00000E+00 0.00000E+00 0.00000E+00
 211 9.23199E-21 0.00000E+00 0.00000E+00 0.00000E+00
 212 9.23199E-21 0.00000E+00 0.00000E+00 0.00000E+00
 213 9.23199E-21 0.00000E+00 0.00000E+00 0.00000E+00
 214 9.23199E-21 0.00000E+00 0.00000E+00 0.00000E+00
 215 9.23199E-21 0.00000E+00 0.00000E+00 0.00000E+00
 216 9.23199E-21 0.00000E+00 0.00000E+00 0.00000E+00
 217 1.29866-290 0.00000E+00 0.00000E+00 0.00000E+00
 218 3.26116-301 0.00000E+00 0.00000E+00 0.00000E+00
 219 2.59780-313 0.00000E+00 0.00000E+00 0.00000E+00
 220 8.51152-325 0.00000E+00 0.00000E+00 0.00000E+00
 221 3.03006-338 0.00000E+00 0.00000E+00 0.00000E+00
 222 1.54636-363 0.00000E+00 0.00000E+00 0.00000E+00
 223 2.88445-376 0.00000E+00 0.00000E+00 0.00000E+00
 224 7.23625-392 0.00000E+00 0.00000E+00 0.00000E+00
 225 9.13532-419 0.00000E+00 0.00000E+00 0.00000E+00
 226 1.61863-446 0.00000E+00 0.00000E+00 0.00000E+00
 227 9.27132-474 0.00000E+00 0.00000E+00 0.00000E+00
 228 2.01808-498 0.00000E+00 0.00000E+00 0.00000E+00
 229 1.10726-563 0.00000E+00 0.00000E+00 0.00000E+00
 230 1.18820-595 0.00000E+00 0.00000E+00 0.00000E+00
 231 5.85659-617 0.00000E+00 0.00000E+00 0.00000E+00
 232 8.63334-641 0.00000E+00 0.00000E+00 0.00000E+00
 233 2.05510-662 0.00000E+00 0.00000E+00 0.00000E+00
 234 2.40180-687 0.00000E+00 0.00000E+00 0.00000E+00
 235 9.94684-710 0.00000E+00 0.00000E+00 0.00000E+00
 236 1.42643-735 0.00000E+00 0.00000E+00 0.00000E+00
 237 6.61423-765 0.00000E+00 0.00000E+00 0.00000E+00
 238 1.58697-788 0.00000E+00 0.00000E+00 0.00000E+00
 239 5.03399-816 0.00000E+00 0.00000E+00 0.00000E+00
 240 6.78682-841 0.00000E+00 0.00000E+00 0.00000E+00
 241 3.30865-869 0.00000E+00 0.00000E+00 0.00000E+00
 242 5.90142-895 0.00000E+00 0.00000E+00 0.00000E+00
 243 1.18219-652 0.00000E+00 0.00000E+00 0.00000E+00
 244 3.90939-662 0.00000E+00 0.00000E+00 0.00000E+00
 245 6.62409-673 0.00000E+00 0.00000E+00 0.00000E+00
 246 1.46574-681 0.00000E+00 0.00000E+00 0.00000E+00
 247 5.51713-691 0.00000E+00 0.00000E+00 0.00000E+00
 248 3.78987-700 0.00000E+00 0.00000E+00 0.00000E+00
 249 1.34730-709 0.00000E+00 0.00000E+00 0.00000E+00
 250 1.37560-718 0.00000E+00 0.00000E+00 0.00000E+00
 251 1.52127-727 0.00000E+00 0.00000E+00 0.00000E+00
 252 1.66122-745 0.00000E+00 0.00000E+00 0.00000E+00
 253 9.96293-756 0.00000E+00 0.00000E+00 0.00000E+00
 254 1.53828-873 0.00000E+00 0.00000E+00 0.00000E+00
 255 2.30256-936 0.00000E+00 0.00000E+00 0.00000E+00
 256 2.46670-945 0.00000E+00 0.00000E+00 0.00000E+00
 257 2.41606-957 0.00000E+00 0.00000E+00 0.00000E+00
 258 1.17024-968 0.00000E+00 0.00000E+00 0.00000E+00
 259 1.56412-981 0.00000E+00 0.00000E+00 0.00000E+00
 260 3.39464-990 0.00000E+00 0.00000E+00 0.00000E+00




