 Mon Jul  5 15:08:10 1993     box v98       s15s7b2    weaver      21364    8.25918972171771E+06     dtd(   1) = 6.73E-03   iter =  2
 mass   15.08144              681 zones
     energy    source    kinetic    internal  potential    total     produced   escaped     check              luminosity  3.276E+38
    initial             0.000E+00  3.614E+49 -6.517E+49 -2.903E+49                                           neutrino lum  2.394E+49
    present  0.000E+00  5.563E+48  4.621E+51 -5.222E+51 -5.955E+50  5.371E+52  5.428E+52 -1.081E+47              eff temp  4.502E+03
      rates  0.000E+00  4.356E+49  4.126E+51 -4.178E+51 -8.169E+48 -7.562E+48  3.276E+38 -6.072E+47                radius  3.346E+13
    moles/s -4.250E+25  3.190E+27 -3.070E+29  5.326E+13  3.727E+29  1.603E+26  8.020E+30
    maxzone        161        158        161        158        105        105          1
    
 zone      mass    zmass    radius     density     temp      ye      energy    velocity    entropy   pressure 
    1     .00000   .00201  4.679E+06  9.325E+09  8.119E+09  .42221  2.445E+18 -4.736E+06  7.304E-01  7.997E+27
    2     .00201   .00211  5.960E+06  9.159E+09  8.115E+09  .42238  2.432E+18 -6.032E+06  7.319E-01  7.816E+27
    3     .00412   .00264  7.052E+06  9.010E+09  8.111E+09  .42254  2.421E+18 -7.136E+06  7.333E-01  7.654E+27
    4     .00676   .00330  8.081E+06  8.853E+09  8.106E+09  .42271  2.408E+18 -8.175E+06  7.347E-01  7.484E+27
    5     .01005   .00493  9.275E+06  8.664E+09  8.100E+09  .42291  2.393E+18 -9.380E+06  7.366E-01  7.280E+27
    6     .01498   .00513  1.028E+07  8.465E+09  8.094E+09  .42313  2.377E+18 -1.039E+07  7.387E-01  7.067E+27
    7     .02011   .00565  1.121E+07  8.273E+09  8.087E+09  .42335  2.361E+18 -1.133E+07  7.407E-01  6.863E+27
    8     .02576   .00654  1.215E+07  8.076E+09  8.079E+09  .42358  2.344E+18 -1.228E+07  7.430E-01  6.655E+27
    9     .03230   .00792  1.315E+07  7.862E+09  8.070E+09  .42384  2.326E+18 -1.328E+07  7.455E-01  6.430E+27
   10     .04022   .01005  1.426E+07  7.618E+09  8.060E+09  .42414  2.304E+18 -1.439E+07  7.485E-01  6.177E+27
   11     .05027   .01005  1.525E+07  7.369E+09  8.048E+09  .42446  2.282E+18 -1.539E+07  7.518E-01  5.921E+27
   12     .06033   .01005  1.615E+07  7.138E+09  8.037E+09  .42476  2.260E+18 -1.629E+07  7.551E-01  5.686E+27
   13     .07038   .01005  1.699E+07  6.923E+09  8.025E+09  .42506  2.240E+18 -1.713E+07  7.583E-01  5.468E+27
   14     .08043   .01005  1.778E+07  6.720E+09  8.014E+09  .42535  2.221E+18 -1.791E+07  7.615E-01  5.264E+27
   15     .09049   .01005  1.852E+07  6.528E+09  8.003E+09  .42564  2.202E+18 -1.865E+07  7.646E-01  5.073E+27
   16     .10054   .01005  1.922E+07  6.344E+09  7.992E+09  .42592  2.184E+18 -1.935E+07  7.678E-01  4.893E+27
   17     .11060   .01005  1.989E+07  6.169E+09  7.981E+09  .42620  2.166E+18 -2.002E+07  7.710E-01  4.722E+27
   18     .12065   .01005  2.054E+07  6.002E+09  7.970E+09  .42648  2.149E+18 -2.067E+07  7.742E-01  4.560E+27
   19     .13071   .01005  2.117E+07  5.841E+09  7.960E+09  .42676  2.132E+18 -2.129E+07  7.775E-01  4.405E+27
   20     .14076   .01005  2.178E+07  5.686E+09  7.949E+09  .42705  2.115E+18 -2.189E+07  7.807E-01  4.258E+27
   21     .15081   .01005  2.237E+07  5.536E+09  7.938E+09  .42733  2.099E+18 -2.248E+07  7.841E-01  4.116E+27
   22     .16087   .01005  2.294E+07  5.392E+09  7.928E+09  .42761  2.083E+18 -2.305E+07  7.874E-01  3.981E+27
   23     .17092   .01005  2.350E+07  5.252E+09  7.917E+09  .42790  2.067E+18 -2.361E+07  7.908E-01  3.851E+27
   24     .18098   .01005  2.405E+07  5.117E+09  7.907E+09  .42818  2.052E+18 -2.415E+07  7.942E-01  3.726E+27
   25     .19103   .01005  2.459E+07  4.986E+09  7.896E+09  .42847  2.037E+18 -2.468E+07  7.976E-01  3.606E+27
   26     .20109   .01005  2.512E+07  4.859E+09  7.886E+09  .42876  2.022E+18 -2.521E+07  8.011E-01  3.490E+27
   27     .21114   .01005  2.564E+07  4.735E+09  7.875E+09  .42906  2.007E+18 -2.572E+07  8.047E-01  3.378E+27
   28     .22119   .01005  2.616E+07  4.615E+09  7.865E+09  .42935  1.993E+18 -2.623E+07  8.083E-01  3.271E+27
   29     .23125   .01005  2.667E+07  4.498E+09  7.854E+09  .42966  1.978E+18 -2.673E+07  8.119E-01  3.167E+27
   30     .24130   .01005  2.717E+07  4.384E+09  7.844E+09  .42996  1.964E+18 -2.722E+07  8.156E-01  3.066E+27
   31     .25136   .01005  2.766E+07  4.273E+09  7.834E+09  .43027  1.950E+18 -2.771E+07  8.194E-01  2.969E+27
   32     .26141   .01005  2.815E+07  4.165E+09  7.823E+09  .43058  1.936E+18 -2.819E+07  8.232E-01  2.875E+27
   33     .27147   .01005  2.864E+07  4.059E+09  7.813E+09  .43089  1.922E+18 -2.867E+07  8.271E-01  2.784E+27
   34     .28152   .01005  2.912E+07  3.956E+09  7.802E+09  .43121  1.909E+18 -2.914E+07  8.311E-01  2.696E+27
   35     .29157   .01005  2.960E+07  3.856E+09  7.791E+09  .43153  1.895E+18 -2.961E+07  8.350E-01  2.610E+27
   36     .30163   .01005  3.008E+07  3.758E+09  7.781E+09  .43185  1.882E+18 -3.008E+07  8.391E-01  2.528E+27
   37     .31168   .01005  3.055E+07  3.663E+09  7.770E+09  .43218  1.869E+18 -3.054E+07  8.432E-01  2.447E+27
   38     .32174   .01005  3.102E+07  3.569E+09  7.760E+09  .43251  1.856E+18 -3.100E+07  8.474E-01  2.370E+27
   39     .33179   .01005  3.149E+07  3.478E+09  7.749E+09  .43285  1.843E+18 -3.146E+07  8.518E-01  2.294E+27
   40     .34185   .01005  3.196E+07  3.389E+09  7.738E+09  .43319  1.830E+18 -3.191E+07  8.560E-01  2.221E+27
   41     .35190   .01005  3.242E+07  3.301E+09  7.727E+09  .43353  1.817E+18 -3.237E+07  8.605E-01  2.150E+27
   42     .36195   .01005  3.288E+07  3.216E+09  7.716E+09  .43388  1.804E+18 -3.282E+07  8.649E-01  2.081E+27
   43     .37201   .01005  3.335E+07  3.133E+09  7.705E+09  .43422  1.791E+18 -3.327E+07  8.695E-01  2.014E+27
   44     .38206   .01005  3.381E+07  3.051E+09  7.694E+09  .43457  1.779E+18 -3.372E+07  8.742E-01  1.949E+27
   45     .39212   .01005  3.427E+07  2.972E+09  7.683E+09  .43494  1.766E+18 -3.417E+07  8.788E-01  1.886E+27
   46     .40217   .01005  3.473E+07  2.893E+09  7.672E+09  .43529  1.754E+18 -3.462E+07  8.837E-01  1.824E+27
   47     .41223   .01005  3.520E+07  2.817E+09  7.660E+09  .43566  1.742E+18 -3.506E+07  8.885E-01  1.765E+27
   48     .42228   .01005  3.566E+07  2.742E+09  7.649E+09  .43602  1.729E+18 -3.551E+07  8.936E-01  1.707E+27
   49     .43233   .01005  3.612E+07  2.669E+09  7.636E+09  .43640  1.717E+18 -3.596E+07  8.985E-01  1.651E+27
   50     .44239   .01005  3.659E+07  2.598E+09  7.625E+09  .43677  1.705E+18 -3.641E+07  9.037E-01  1.596E+27
   51     .45244   .01005  3.705E+07  2.528E+09  7.612E+09  .43716  1.693E+18 -3.686E+07  9.088E-01  1.543E+27
   52     .46250   .01005  3.752E+07  2.459E+09  7.601E+09  .43752  1.681E+18 -3.730E+07  9.142E-01  1.491E+27
   53     .47255   .01005  3.798E+07  2.392E+09  7.588E+09  .43791  1.669E+18 -3.775E+07  9.196E-01  1.441E+27
   54     .48261   .01005  3.845E+07  2.326E+09  7.575E+09  .43832  1.657E+18 -3.821E+07  9.249E-01  1.392E+27
   55     .49266   .01005  3.892E+07  2.262E+09  7.562E+09  .43872  1.645E+18 -3.866E+07  9.305E-01  1.345E+27
   56     .50271   .01005  3.939E+07  2.199E+09  7.550E+09  .43910  1.633E+18 -3.911E+07  9.363E-01  1.299E+27
   57     .51277   .01005  3.987E+07  2.137E+09  7.536E+09  .43952  1.622E+18 -3.957E+07  9.420E-01  1.254E+27
   58     .52282   .01005  4.034E+07  2.077E+09  7.522E+09  .43993  1.610E+18 -4.002E+07  9.479E-01  1.210E+27
   59     .53288   .01005  4.082E+07  2.018E+09  7.509E+09  .44035  1.599E+18 -4.048E+07  9.539E-01  1.168E+27
   60     .54293   .01005  4.130E+07  1.960E+09  7.495E+09  .44078  1.587E+18 -4.094E+07  9.600E-01  1.127E+27
   61     .55299   .01005  4.179E+07  1.903E+09  7.481E+09  .44122  1.576E+18 -4.140E+07  9.663E-01  1.087E+27
   62     .56304   .01005  4.228E+07  1.847E+09  7.466E+09  .44166  1.564E+18 -4.187E+07  9.727E-01  1.048E+27
   63     .57309   .01005  4.277E+07  1.793E+09  7.452E+09  .44212  1.553E+18 -4.233E+07  9.792E-01  1.010E+27
   64     .58315   .01005  4.326E+07  1.740E+09  7.436E+09  .44259  1.542E+18 -4.280E+07  9.858E-01  9.738E+26
   65     .59320   .01005  4.376E+07  1.688E+09  7.420E+09  .44307  1.530E+18 -4.328E+07  9.925E-01  9.381E+26
   66     .60326   .01005  4.426E+07  1.637E+09  7.404E+09  .44357  1.519E+18 -4.375E+07  9.992E-01  9.036E+26
   67     .61331   .01005  4.477E+07  1.587E+09  7.386E+09  .44408  1.508E+18 -4.423E+07  1.006E+00  8.700E+26
   68     .62337   .01005  4.528E+07  1.538E+09  7.368E+09  .44460  1.496E+18 -4.471E+07  1.013E+00  8.373E+26
   69     .63342   .01005  4.579E+07  1.490E+09  7.348E+09  .44513  1.485E+18 -4.520E+07  1.020E+00  8.057E+26
   70     .64347   .01005  4.631E+07  1.443E+09  7.328E+09  .44568  1.473E+18 -4.568E+07  1.027E+00  7.749E+26
   71     .65353   .01005  4.684E+07  1.398E+09  7.307E+09  .44623  1.462E+18 -4.618E+07  1.034E+00  7.451E+26
   72     .66358   .01005  4.737E+07  1.353E+09  7.285E+09  .44680  1.450E+18 -4.667E+07  1.041E+00  7.161E+26
   73     .67364   .01005  4.790E+07  1.309E+09  7.261E+09  .44737  1.438E+18 -4.717E+07  1.048E+00  6.880E+26
   74     .68369   .01005  4.845E+07  1.267E+09  7.237E+09  .44794  1.427E+18 -4.768E+07  1.055E+00  6.607E+26
   75     .69375   .01005  4.899E+07  1.225E+09  7.212E+09  .44852  1.415E+18 -4.818E+07  1.062E+00  6.343E+26
   76     .70380   .01005  4.955E+07  1.184E+09  7.186E+09  .44909  1.403E+18 -4.870E+07  1.069E+00  6.086E+26
   77     .71385   .01005  5.011E+07  1.145E+09  7.159E+09  .44967  1.391E+18 -4.921E+07  1.077E+00  5.837E+26
   78     .72391   .01005  5.067E+07  1.106E+09  7.132E+09  .45024  1.378E+18 -4.974E+07  1.084E+00  5.596E+26
   79     .73396   .01005  5.125E+07  1.068E+09  7.104E+09  .45081  1.366E+18 -5.026E+07  1.091E+00  5.362E+26
   80     .74402   .01005  5.183E+07  1.031E+09  7.075E+09  .45137  1.354E+18 -5.079E+07  1.098E+00  5.136E+26
   81     .75407   .01005  5.242E+07  9.952E+08  7.045E+09  .45193  1.342E+18 -5.133E+07  1.105E+00  4.916E+26
   82     .76413   .01005  5.301E+07  9.601E+08  7.015E+09  .45248  1.329E+18 -5.187E+07  1.112E+00  4.704E+26
   83     .77418   .01005  5.362E+07  9.258E+08  6.985E+09  .45302  1.317E+18 -5.242E+07  1.120E+00  4.498E+26
   84     .78423   .01005  5.423E+07  8.924E+08  6.954E+09  .45354  1.304E+18 -5.298E+07  1.127E+00  4.299E+26
   85     .79429   .01005  5.485E+07  8.598E+08  6.923E+09  .45406  1.292E+18 -5.354E+07  1.134E+00  4.106E+26
   86     .80434   .01005  5.549E+07  8.280E+08  6.891E+09  .45457  1.279E+18 -5.410E+07  1.142E+00  3.920E+26
   87     .81440   .01005  5.613E+07  7.970E+08  6.859E+09  .45507  1.266E+18 -5.467E+07  1.149E+00  3.740E+26
   88     .82445   .01005  5.678E+07  7.668E+08  6.826E+09  .45555  1.253E+18 -5.525E+07  1.157E+00  3.565E+26
   89     .83451   .01005  5.744E+07  7.373E+08  6.793E+09  .45602  1.240E+18 -5.584E+07  1.165E+00  3.397E+26
   90     .84456   .01005  5.811E+07  7.086E+08  6.760E+09  .45648  1.227E+18 -5.643E+07  1.172E+00  3.234E+26
   91     .85461   .00493  5.845E+07  6.878E+08  6.735E+09  .45681  1.218E+18 -5.673E+07  1.178E+00  3.117E+26
   92     .85954   .00445  5.875E+07  6.749E+08  6.719E+09  .45701  1.212E+18 -5.699E+07  1.182E+00  3.045E+26
   93     .86400   .00402  5.903E+07  6.634E+08  6.705E+09  .45719  1.206E+18 -5.723E+07  1.185E+00  2.981E+26
   94     .86802   .00670  5.949E+07  6.490E+08  6.686E+09  .45742  1.199E+18 -5.764E+07  1.189E+00  2.901E+26
   95     .87472   .01005  6.020E+07  6.269E+08  6.658E+09  .45777  1.188E+18 -5.826E+07  1.196E+00  2.779E+26
   96     .88478   .01005  6.092E+07  6.011E+08  6.622E+09  .45818  1.174E+18 -5.888E+07  1.204E+00  2.638E+26
   97     .89483   .01005  6.166E+07  5.759E+08  6.587E+09  .45857  1.161E+18 -5.951E+07  1.212E+00  2.502E+26
   98     .90489   .01005  6.241E+07  5.514E+08  6.551E+09  .45894  1.147E+18 -6.016E+07  1.221E+00  2.371E+26
   99     .91494   .01005  6.317E+07  5.276E+08  6.515E+09  .45929  1.134E+18 -6.081E+07  1.229E+00  2.244E+26
  100     .92499   .01005  6.396E+07  5.043E+08  6.482E+09  .45963  1.120E+18 -6.147E+07  1.239E+00  2.123E+26
  101     .93505   .01005  6.475E+07  4.818E+08  6.443E+09  .45997  1.106E+18 -6.213E+07  1.247E+00  2.006E+26
  102     .94510   .00493  6.515E+07  4.652E+08  6.425E+09  .46020  1.097E+18 -6.247E+07  1.257E+00  1.922E+26
  103     .95003   .00445  6.552E+07  4.416E+08  6.818E+09  .45956  1.154E+18 -6.279E+07  1.401E+00  1.871E+26
  104     .95449   .00402  6.587E+07  4.229E+08  7.103E+09  .45788  1.210E+18 -6.310E+07  1.529E+00  1.825E+26
  105     .95851   .00670  6.647E+07  4.044E+08  7.296E+09  .45659  1.257E+18 -6.365E+07  1.639E+00  1.768E+26
  106     .96521   .01005  6.739E+07  3.877E+08  7.259E+09  .45708  1.247E+18 -6.447E+07  1.651E+00  1.682E+26
  107     .97527   .01005  6.833E+07  3.684E+08  7.214E+09  .45765  1.234E+18 -6.531E+07  1.666E+00  1.583E+26
  108     .98532   .01005  6.929E+07  3.498E+08  7.169E+09  .45821  1.222E+18 -6.616E+07  1.681E+00  1.488E+26
  109     .99538   .01005  7.027E+07  3.318E+08  7.123E+09  .45876  1.209E+18 -6.703E+07  1.696E+00  1.398E+26
  110    1.00543   .01005  7.128E+07  3.144E+08  7.077E+09  .45930  1.196E+18 -6.791E+07  1.711E+00  1.312E+26
  111    1.01548   .01005  7.232E+07  2.977E+08  7.029E+09  .45983  1.183E+18 -6.880E+07  1.727E+00  1.230E+26
  112    1.02554   .01005  7.339E+07  2.816E+08  6.980E+09  .46035  1.169E+18 -6.971E+07  1.742E+00  1.152E+26
  113    1.03559   .01005  7.448E+07  2.661E+08  6.931E+09  .46087  1.156E+18 -7.063E+07  1.758E+00  1.077E+26
  114    1.04565   .01005  7.560E+07  2.513E+08  6.879E+09  .46139  1.142E+18 -7.157E+07  1.773E+00  1.006E+26
  115    1.05570   .01005  7.676E+07  2.370E+08  6.826E+09  .46192  1.128E+18 -7.252E+07  1.788E+00  9.388E+25
  116    1.06576   .01005  7.795E+07  2.233E+08  6.771E+09  .46246  1.113E+18 -7.349E+07  1.804E+00  8.748E+25
  117    1.07581   .01005  7.918E+07  2.101E+08  6.714E+09  .46301  1.098E+18 -7.447E+07  1.819E+00  8.141E+25
  118    1.08586   .01005  8.044E+07  1.975E+08  6.654E+09  .46359  1.082E+18 -7.546E+07  1.833E+00  7.566E+25
  119    1.09592   .01005  8.175E+07  1.855E+08  6.592E+09  .46419  1.066E+18 -7.646E+07  1.848E+00  7.021E+25
  120    1.10597   .01005  8.310E+07  1.739E+08  6.526E+09  .46483  1.049E+18 -7.747E+07  1.861E+00  6.506E+25
  121    1.11603   .01005  8.449E+07  1.629E+08  6.458E+09  .46552  1.032E+18 -7.849E+07  1.875E+00  6.019E+25
  122    1.12608   .01005  8.593E+07  1.525E+08  6.386E+09  .46624  1.013E+18 -7.952E+07  1.887E+00  5.560E+25
  123    1.13614   .01005  8.741E+07  1.425E+08  6.311E+09  .46700  9.946E+17 -8.055E+07  1.899E+00  5.127E+25
  124    1.14619   .01005  8.895E+07  1.330E+08  6.233E+09  .46778  9.752E+17 -8.158E+07  1.910E+00  4.719E+25
  125    1.15624   .01005  9.054E+07  1.240E+08  6.151E+09  .46857  9.553E+17 -8.262E+07  1.920E+00  4.336E+25
  126    1.16630   .01005  9.220E+07  1.155E+08  6.067E+09  .46938  9.349E+17 -8.365E+07  1.930E+00  3.977E+25
  127    1.17635   .01005  9.391E+07  1.073E+08  5.981E+09  .47017  9.142E+17 -8.466E+07  1.939E+00  3.640E+25
  128    1.18641   .01005  9.569E+07  9.963E+07  5.892E+09  .47093  8.930E+17 -8.567E+07  1.947E+00  3.324E+25
  129    1.19646   .00670  9.691E+07  9.355E+07  5.816E+09  .47154  8.752E+17 -8.633E+07  1.954E+00  3.078E+25
  130    1.20316   .00670  9.816E+07  8.886E+07  5.754E+09  .47201  8.607E+17 -8.698E+07  1.959E+00  2.890E+25
  131    1.20987   .00670  9.945E+07  8.434E+07  5.691E+09  .47246  8.460E+17 -8.762E+07  1.964E+00  2.711E+25
  132    1.21657   .01005  1.015E+08  7.889E+07  5.610E+09  .47299  8.275E+17 -8.855E+07  1.971E+00  2.497E+25
  133    1.22662   .01005  1.035E+08  7.270E+07  5.512E+09  .47355  8.051E+17 -8.944E+07  1.980E+00  2.258E+25
  134    1.23668   .01005  1.057E+08  6.687E+07  5.413E+09  .47406  7.767E+17 -9.028E+07  1.988E+00  2.037E+25
  135    1.24673   .01005  1.080E+08  6.142E+07  5.306E+09  .47450  7.550E+17 -9.106E+07  1.995E+00  1.831E+25
  136    1.25679   .01005  1.104E+08  5.630E+07  5.195E+09  .47488  7.329E+17 -9.177E+07  2.003E+00  1.641E+25
  137    1.26684   .01005  1.128E+08  5.151E+07  5.078E+09  .47519  7.101E+17 -9.239E+07  2.010E+00  1.466E+25
  138    1.27690   .01005  1.154E+08  4.703E+07  4.956E+09  .47545  6.868E+17 -9.290E+07  2.017E+00  1.305E+25
  139    1.28695   .01005  1.186E+08  3.713E+07  5.101E+09  .49791  8.007E+17 -9.338E+07  2.550E+00  1.157E+25
  140    1.29700   .01005  1.218E+08  3.368E+07  4.976E+09  .49792  7.692E+17 -9.366E+07  2.555E+00  1.022E+25
  141    1.30706   .01005  1.252E+08  3.055E+07  4.842E+09  .49793  7.367E+17 -9.371E+07  2.558E+00  9.015E+24
  142    1.31711   .01005  1.288E+08  2.773E+07  4.698E+09  .49794  7.035E+17 -9.353E+07  2.561E+00  7.926E+24
  143    1.32717   .01005  1.325E+08  2.517E+07  4.545E+09  .49795  6.701E+17 -9.314E+07  2.563E+00  6.946E+24
  144    1.33722   .01005  1.364E+08  2.285E+07  4.384E+09  .49796  6.370E+17 -9.258E+07  2.564E+00  6.067E+24
  145    1.34728   .01005  1.404E+08  2.072E+07  4.219E+09  .49797  6.047E+17 -9.188E+07  2.562E+00  5.277E+24
  146    1.35733   .01005  1.446E+08  1.875E+07  4.052E+09  .49797  5.735E+17 -9.109E+07  2.558E+00  4.571E+24
  147    1.36738   .01005  1.489E+08  1.691E+07  3.886E+09  .49798  5.431E+17 -9.022E+07  2.553E+00  3.938E+24
  148    1.37744   .01005  1.535E+08  1.519E+07  3.721E+09  .49798  5.136E+17 -8.925E+07  2.545E+00  3.373E+24
  149    1.38749   .01005  1.583E+08  1.357E+07  3.558E+09  .49799  4.857E+17 -8.816E+07  2.537E+00  2.870E+24
  150    1.39755   .01005  1.634E+08  1.206E+07  3.396E+09  .49799  4.582E+17 -8.691E+07  2.528E+00  2.423E+24
  151    1.40760   .01005  1.688E+08  1.064E+07  3.235E+09  .49799  4.310E+17 -8.546E+07  2.520E+00  2.027E+24
  152    1.41766   .00493  1.716E+08  9.646E+06  3.118E+09  .49799  4.113E+17 -8.465E+07  2.516E+00  1.765E+24
  153    1.42258   .00261  1.732E+08  9.159E+06  3.059E+09  .49799  4.014E+17 -8.418E+07  2.514E+00  1.641E+24
  154    1.42520   .00152  1.741E+08  8.102E+06  3.194E+09  .49998  4.444E+17 -8.373E+07  2.852E+00  1.576E+24
  155    1.42671   .00192  1.756E+08  6.838E+06  3.415E+09  .49998  5.317E+17 -8.320E+07  3.230E+00  1.523E+24
  156    1.42863   .00128  1.766E+08  6.298E+06  3.467E+09  .49998  5.683E+17 -8.290E+07  3.408E+00  1.475E+24
  157    1.42991   .00157  1.781E+08  5.232E+06  3.609E+09  .49998  6.946E+17 -8.250E+07  3.987E+00  1.433E+24
  158    1.43148   .00193  1.804E+08  4.236E+06  3.705E+09  .49998  8.656E+17 -8.186E+07  4.765E+00  1.384E+24
  159    1.43341   .00435  1.855E+08  4.047E+06  3.651E+09  .49998  8.501E+17 -8.043E+07  4.763E+00  1.300E+24
  160    1.43776   .01005  1.974E+08  3.653E+06  3.529E+09  .49998  8.147E+17 -7.709E+07  4.758E+00  1.128E+24
  161    1.44782   .01005  2.094E+08  3.201E+06  3.377E+09  .49998  7.691E+17 -7.380E+07  4.748E+00  9.375E+23
  162    1.45787   .01005  2.215E+08  2.826E+06  3.237E+09  .49998  7.273E+17 -7.061E+07  4.737E+00  7.864E+23
  163    1.46793   .01005  2.337E+08  2.509E+06  3.110E+09  .49998  6.893E+17 -6.755E+07  4.725E+00  6.651E+23
  164    1.47798   .01005  2.461E+08  2.240E+06  2.993E+09  .49998  6.549E+17 -6.464E+07  4.713E+00  5.667E+23
  165    1.48804   .01005  2.585E+08  2.008E+06  2.885E+09  .49998  6.236E+17 -6.185E+07  4.702E+00  4.861E+23
  166    1.49809   .01005  2.711E+08  1.808E+06  2.785E+09  .49998  5.950E+17 -5.920E+07  4.692E+00  4.196E+23
  167    1.50814   .01005  2.837E+08  1.634E+06  2.693E+09  .49998  5.688E+17 -5.668E+07  4.682E+00  3.642E+23
  168    1.51820   .01005  2.965E+08  1.482E+06  2.606E+09  .49998  5.447E+17 -5.427E+07  4.674E+00  3.177E+23
  169    1.52825   .01005  3.094E+08  1.348E+06  2.526E+09  .49998  5.224E+17 -5.198E+07  4.666E+00  2.785E+23
  170    1.53831   .01005  3.223E+08  1.230E+06  2.450E+09  .49998  5.018E+17 -4.979E+07  4.658E+00  2.452E+23
  171    1.54836   .01005  3.354E+08  1.126E+06  2.379E+09  .49998  4.825E+17 -4.771E+07  4.652E+00  2.167E+23
  172    1.55842   .01005  3.486E+08  1.033E+06  2.312E+09  .49998  4.645E+17 -4.573E+07  4.645E+00  1.923E+23
  173    1.56847   .01005  3.618E+08  9.501E+05  2.248E+09  .49998  4.477E+17 -4.385E+07  4.640E+00  1.712E+23
  174    1.57852   .01005  3.752E+08  8.759E+05  2.188E+09  .49998  4.319E+17 -4.205E+07  4.634E+00  1.529E+23
  175    1.58858   .01005  3.887E+08  8.091E+05  2.131E+09  .49998  4.170E+17 -4.034E+07  4.629E+00  1.370E+23
  176    1.59863   .01005  4.023E+08  7.489E+05  2.077E+09  .49998  4.030E+17 -3.871E+07  4.624E+00  1.230E+23
  177    1.60869   .01005  4.160E+08  6.945E+05  2.025E+09  .49998  3.897E+17 -3.716E+07  4.619E+00  1.108E+23
  178    1.61874   .01005  4.298E+08  6.451E+05  1.975E+09  .49998  3.772E+17 -3.568E+07  4.615E+00  1.000E+23
  179    1.62880   .01005  4.437E+08  6.003E+05  1.928E+09  .49998  3.653E+17 -3.427E+07  4.611E+00  9.051E+22
  180    1.63885   .01005  4.577E+08  5.594E+05  1.882E+09  .49998  3.540E+17 -3.293E+07  4.607E+00  8.207E+22
  181    1.64890   .01005  4.718E+08  5.221E+05  1.839E+09  .49998  3.433E+17 -3.164E+07  4.603E+00  7.457E+22
  182    1.65896   .01005  4.860E+08  4.879E+05  1.797E+09  .49998  3.331E+17 -3.042E+07  4.600E+00  6.788E+22
  183    1.66901   .01005  5.003E+08  4.565E+05  1.757E+09  .49998  3.233E+17 -2.926E+07  4.597E+00  6.189E+22
  184    1.67907   .01005  5.148E+08  4.277E+05  1.718E+09  .49998  3.140E+17 -2.815E+07  4.594E+00  5.653E+22
  185    1.68912   .01005  5.293E+08  4.011E+05  1.680E+09  .49998  3.052E+17 -2.709E+07  4.591E+00  5.170E+22
  186    1.69918   .01005  5.440E+08  3.766E+05  1.644E+09  .49998  2.967E+17 -2.608E+07  4.588E+00  4.736E+22
  187    1.70923   .01005  5.588E+08  3.540E+05  1.609E+09  .49998  2.885E+17 -2.511E+07  4.585E+00  4.344E+22
  188    1.71928   .01005  5.737E+08  3.330E+05  1.575E+09  .49998  2.807E+17 -2.419E+07  4.583E+00  3.990E+22
  189    1.72934   .01005  5.887E+08  3.135E+05  1.543E+09  .49998  2.732E+17 -2.331E+07  4.581E+00  3.668E+22
  190    1.73939   .01005  6.039E+08  2.955E+05  1.511E+09  .49998  2.661E+17 -2.247E+07  4.579E+00  3.377E+22
  191    1.74945   .01005  6.192E+08  2.786E+05  1.480E+09  .49998  2.592E+17 -2.166E+07  4.577E+00  3.112E+22
  192    1.75950   .00670  6.294E+08  2.655E+05  1.455E+09  .49998  2.537E+17 -2.115E+07  4.575E+00  2.910E+22
  193    1.76620   .00670  6.397E+08  2.555E+05  1.436E+09  .49998  2.494E+17 -2.064E+07  4.575E+00  2.758E+22
  194    1.77291   .00670  6.502E+08  2.435E+05  1.406E+09  .49998  2.453E+17 -2.016E+07  4.931E+00  2.616E+22
  195    1.77961   .01005  6.660E+08  2.320E+05  1.383E+09  .49998  2.406E+17 -1.946E+07  4.935E+00  2.448E+22
  196    1.78966   .01005  6.820E+08  2.189E+05  1.356E+09  .49998  2.352E+17 -1.879E+07  4.941E+00  2.264E+22
  197    1.79972   .01005  6.982E+08  2.067E+05  1.331E+09  .49998  2.301E+17 -1.814E+07  4.948E+00  2.096E+22
  198    1.80977   .01005  7.145E+08  1.953E+05  1.305E+09  .49998  2.251E+17 -1.753E+07  4.955E+00  1.941E+22
  199    1.81983   .01005  7.310E+08  1.847E+05  1.281E+09  .49998  2.202E+17 -1.694E+07  4.961E+00  1.800E+22
  200    1.82988   .01005  7.477E+08  1.748E+05  1.257E+09  .49998  2.154E+17 -1.638E+07  4.967E+00  1.669E+22
  201    1.83994   .01005  7.645E+08  1.656E+05  1.234E+09  .49998  2.107E+17 -1.584E+07  4.971E+00  1.550E+22
  202    1.84999   .01005  7.815E+08  1.569E+05  1.211E+09  .49998  2.061E+17 -1.533E+07  4.975E+00  1.439E+22
  203    1.86004   .01005  7.986E+08  1.488E+05  1.189E+09  .49998  2.016E+17 -1.483E+07  4.979E+00  1.338E+22
  204    1.87010   .01005  8.159E+08  1.412E+05  1.167E+09  .49998  1.972E+17 -1.436E+07  4.982E+00  1.244E+22
  205    1.88015   .01005  8.334E+08  1.340E+05  1.146E+09  .49998  1.929E+17 -1.391E+07  4.984E+00  1.158E+22
  206    1.89021   .01005  8.510E+08  1.273E+05  1.125E+09  .49998  1.887E+17 -1.348E+07  4.987E+00  1.078E+22
  207    1.90026   .01005  8.688E+08  1.210E+05  1.104E+09  .49998  1.846E+17 -1.307E+07  4.989E+00  1.004E+22
  208    1.91032   .01005  8.868E+08  1.150E+05  1.084E+09  .49998  1.806E+17 -1.267E+07  4.990E+00  9.350E+21
  209    1.92037   .01005  9.049E+08  1.093E+05  1.065E+09  .49998  1.766E+17 -1.230E+07  4.991E+00  8.714E+21
  210    1.93042   .01005  9.232E+08  1.040E+05  1.046E+09  .49998  1.728E+17 -1.193E+07  4.992E+00  8.124E+21
  211    1.94048   .01005  9.417E+08  9.899E+04  1.027E+09  .49998  1.690E+17 -1.159E+07  4.993E+00  7.577E+21
  212    1.95053   .01005  9.604E+08  9.422E+04  1.009E+09  .49998  1.653E+17 -1.125E+07  4.994E+00  7.068E+21
  213    1.96059   .01005  9.792E+08  8.971E+04  9.905E+08  .49998  1.617E+17 -1.093E+07  4.994E+00  6.595E+21
  214    1.97064   .01005  9.983E+08  8.544E+04  9.728E+08  .49998  1.582E+17 -1.063E+07  4.994E+00  6.155E+21
  215    1.98070   .01005  1.018E+09  8.138E+04  9.554E+08  .49998  1.547E+17 -1.033E+07  4.994E+00  5.745E+21
  216    1.99075   .01005  1.037E+09  7.752E+04  9.383E+08  .49998  1.513E+17 -1.005E+07  4.994E+00  5.363E+21
  217    2.00080   .01005  1.057E+09  7.386E+04  9.216E+08  .49998  1.480E+17 -9.782E+06  4.994E+00  5.007E+21
  218    2.01086   .01005  1.077E+09  7.038E+04  9.051E+08  .49998  1.447E+17 -9.522E+06  4.994E+00  4.675E+21
  219    2.02091   .01005  1.097E+09  6.706E+04  8.889E+08  .49998  1.416E+17 -9.272E+06  4.994E+00  4.365E+21
  220    2.03097   .01005  1.117E+09  6.391E+04  8.730E+08  .49998  1.385E+17 -9.032E+06  4.994E+00  4.076E+21
